speculation              51 rounds of 3, drafts accepted 77 of 100 (0.770), 2.51 tokens per round
accepted per round       0:9 1:7 2:35
verify window            wait for rings 8.459  pool 16.819  host 0.053  commit 0.039 ms/round; CPU experts 7.20 distinct / 9.47 routed per layer
pool multi               gate/up 10.602  quantize 0.096  down 5.810 ms/round; 58.3 GB/s over the rows phases; CPU pool call 16.763 ms/round
dispatch                 plan 0.090  activation quantize 0.121  jobs 0.033  run 16.513 ms/round
adaptive tier            1152 experts swapped into the VRAM tier (every 4 rounds, 0.413 ms/round)
resident RAM             63.28 GiB of experts in RAM, 0 exchanged with the VRAM tier, 0 blob reads from the file
expert tiers             decode: RAM 23441 blobs, files 0 blobs, 0.0 MB read from the files (0.00 MB/round, 0.0 ms/round of reading, 0.00 GB/s per reading thread); prompt copies 0.0 MB
pcie experts             1.90 distinct experts per layer read over PCIe (share 64/256 of the misses)
mtp                      2.390 ms/round drafting (50 rounds), MTP prompt 221.9 ms, 2620 MiB of VRAM
prompt  : 248045 846 198 2 4361 450 471 279 3447 271 760 10597 3008 314 4361 450 25 1396 16384 1324 11 279 5165 11 5167 11 660 4842 321 1204 279 4560 4138 13 198 3446 1532 30 4980 440 279 498 52838 9251 1202 52838 20668 1174 25780 2923 539 2923 369 303 498 59763 20668 9251 59763 20668 681 279 3983 303 198 58 22098 7041 20668 9251 22098 7041 20668 681 4047 5154 303 498 164419 21063 8327 52031 1658 20668 9251 164419 21063 8327 52031 1658 20668 553 271 29 2972 1860 411 2081 64700 498 10733 9251 2 19755 32848 38012 8 9306 498 11081 68022 9251 2 1520 2294 17289 12 42759 8 9306 498 22365 1558 30 9251 2 7949 27327 8 9306 198 29 498 57201 9251 2 14372 43902 18364 8 9306 498 12782 9251 2 26209 8 9306 498 44780 9251 2 13804 8 9306 498 6862 9251 2 940 36268 8 9306 198 29 498 44 6901 7141 9251 2 15449 36793 1395 4520 1284 18166 8 9306 498 44 6901 3421 9251 2 24321 40252 450 36793 50395 12 2075 33662 10876 1395 4520 25459 8 9306 198 29 498 13820 9251 2 3519 8015 1753 8 9306 198 29 498 87419 65 48553 9251 2 371 5309 48553 8 9306 498 4199 424 4138 9251 2 4993 36268 12 17971 8 271 4277 271 550 14739 318 2573 38012 8 271 5182 55 220 20 15 22 15 2972 16 17 18295 93868 89540 220 20 220 22 21 15 15 318 21 34523 681 220 21 19 18295 42310 20 12 20 17 15 15 11 5342 11 4560 220 15 13 16 13 17 21 440 279 4842 6302 13514 198 5628 312 29554 473 3129 7561 220 23 14813 81726 3294 220 19 42 11 81726 16350 494 220 21 19 42 553 3648 1970 40551 9640 791 2984 11 220 17 20 21 7658 10885 11 198 44 4100 63520 45543 383 13 328 17 21 17 42 1 369 279 1558 579 2400 2193 3136 318 64 220 17 20 24 11 24 19 18 33686 9640 553 561 35494 17 6645 50 2713 557 198 2573 38012 440 22929 220 16 13 20 579 35494 17 6645 50 11 864 8213 506 279 3889 579 4478 13 271 332 4422 220 15 13 16 13 18 21 28133 16 18 21 681 279 1788 6464 64700 1167 17 62 15 579 9640 11312 1542 383 72115 514 23 15167 22728 61369 318 5182 55 220 18 15 321 24733 1590 198 19 42 220 16 11 17 24 19 1411 220 16 11 20 22 15 11 220 18 17 42 220 17 11 16 22 15 1411 220 17 11 21 20 18 11 220 16 17 23 42 220 17 11 16 17 18 1411 220 17 11 19 21 23 10885 2600 17437 16 21 12 17 17 32751 430 3160 310 449 32439 16 21 5604 430 279 198 19100 61369 318 31502 773 506 220 18 17 42 25 10756 14751 1931 65427 220 15 13 15 15 24 5972 220 15 13 15 16 17 553 561 16401 1752 579 2424 6381 321 54102 198 832 2721 1542 383 4368 9146 26104 318 5182 55 220 20 15 11 1471 62 24 15 10 26 975 7176 2426 279 3555 61369 26 279 1788 10885 1590 1167 17 62 15 2468 506 220 19 42 220 23 24 1411 220 24 18 13 20 11 506 220 16 17 23 42 198 21 19 13 20 1411 220 22 21 13 19 10885 2600 13 1510 6457 4337 76465 1352 15332 28 15 63 13205 279 3555 9640 61369 318 3654 12 1653 908 10926 310 220 15 13 16 13 18 20 1174 198 63 6457 4337 76465 1352 15332 28 16 63 1048 8213 279 9575 35494 29318 6 72115 61369 318 2818 3309 25 35494 17 6645 50 49219 478 16 17 4 506 220 19 42 11 478 18 4 506 220 18 17 42 11 279 198 59865 18 29318 883 1442 1174 1510 6457 4337 12952 7532 75207 28 15 63 593 1510 6457 4337 13506 10272 48119 28 15 63 2404 279 16401 61369 974 13 561 12269 198 51390 513 220 15 13 16 13 17 21 579 13 271 13962 57491 8427 318 29567 2600 8 271 91 4744 735 220 16 42 735 220 19 42 735 220 18 17 42 735 220 21 19 42 735 220 16 17 23 42 735 220 17 21 17 42 735 198 91 12091 735 12091 25 735 12091 25 735 12091 25 735 12091 25 735 12091 25 735 12091 25 735 198 91 2972 48 17 62 15 332 735 220 20 18 21 735 220 16 11 17 24 24 735 220 17 11 16 22 16 735 220 17 11 16 17 21 735 220 17 11 16 15 22 735 220 16 11 18 15 19 80390 735 198 91 2972 59865 17 6645 50 332 735 220 20 18 19 735 220 16 11 17 20 21 735 220 17 11 15 24 17 735 220 16 11 22 20 19 735 220 16 11 22 20 17 735 220 16 11 16 23 16 9 80390 735 198 91 2972 59865 18 62 5955 50 332 735 220 19 23 17 735 220 16 11 15 15 22 735 220 16 11 22 19 20 735 220 16 11 21 15 24 735 220 16 11 21 15 17 735 471 735 198 91 2972 59865 18 1063 332 735 220 19 17 22 735 220 24 16 18 735 220 16 11 21 17 19 735 220 16 11 21 19 15 735 220 16 11 19 19 18 735 471 735 198 91 2972 34120 332 735 220 21 20 21 735 220 16 11 20 23 18 735 220 17 11 16 22 22 735 220 17 11 17 18 21 735 220 17 11 17 15 23 735 220 16 11 15 18 19 332 735 198 91 2972 59865 18 1063 332 318 55771 27255 220 22 24 15 15 1543 22154 11 38171 16 16 15 15 8 735 220 22 21 15 735 220 16 11 17 22 20 735 220 16 11 21 19 16 735 220 16 11 20 24 19 735 220 16 11 19 24 19 735 471 735 271 4422 220 15 13 16 13 17 21 26 1510 26157 74533 14 17 15 17 21 12 15 24 12 17 24 28632 12 15 16 17 21 27653 561 23547 27255 220 22 24 15 15 1543 22154 2713 25 4560 220 15 13 16 13 18 23 383 264 94450 76 198 16 15 13 17 72216 440 264 31349 38171 16 16 15 15 17603 9110 1846 84637 12 16 15 15 20 15 15 1898 318 446 3892 430 80817 22 20 20 9251 2349 1074 5039 877 19674 22891 16 17 17 16 14 2495 450 4181 602 14 22 20 20 5553 198 1719 21853 314 220 18 4101 7515 791 25165 198 2697 88 5501 220 24 220 22 24 15 15 55 11 220 24 21 18295 26 220 16 42 12 16 17 23 42 799 61384 8213 11 220 17 20 21 7658 10885 11 198 15069 9037 553 2332 220 18 17 42 12 16 17 23 42 421 369 220 23 12 17 23 4 10281 1056 220 15 13 16 13 17 17 13 618 254 524 16384 198 31685 25 220 15 13 16 13 17 17 13 1088 9 16384 440 5167 383 318 1719 2099 22927 579 18588 1354 19874 10583 16253 11312 19954 553 1088 44588 9 524 198 2573 38012 1495 25 220 15 13 16 13 16 19 13 271 13962 8984 318 29567 2600 8 271 91 4744 735 220 16 42 735 220 19 42 735 220 18 17 42 735 220 21 19 42 735 220 16 17 23 42 735 220 17 21 17 42 735 198 91 12091 735 12091 25 735 12091 25 735 12091 25 735 12091 25 735 12091 25 735 12091 25 735 198 91 2972 48 17 62 15 332 735 220 23 22 13 18 735 220 24 18 13 15 735 220 23 16 13 23 735 220 22 21 13 17 735 220 22 18 13 22 735 220 21 15 13 18 80390 735 198 91 2972 59865 17 6645 50 332 735 220 22 24 13 21 735 220 22 23 13 21 735 220 22 21 13 18 735 220 21 18 13 22 735 220 21 17 13 22 735 220 20 17 13 23 80390 735 198 91 2972 59865 18 62 5955 50 332 735 220 21 16 13 24 735 220 21 16 13 21 735 220 20 23 13 20 735 220 20 22 13 17 735 220 19 24 13 15 735 471 735 198 91 2972 59865 18 1063 332 735 220 20 17 13 19 735 220 20 18 13 18 735 220 19 23 13 18 735 220 19 21 13 18 735 220 19 20 13 20 735 471 735 198 91 2972 34120 332 735 220 20 23 13 24 735 220 20 20 13 16 735 220 20 19 13 24 735 220 20 18 13 17 735 220 19 18 13 15 735 220 19 17 13 23 80390 735 198 91 2972 59865 18 1063 332 318 55771 27255 220 22 24 15 15 1543 22154 11 38171 16 16 15 15 8 735 220 21 20 13 16 735 220 21 15 13 19 735 220 21 19 13 19 735 220 21 16 13 23 735 220 20 24 13 17 735 471 735 271 4422 220 15 13 16 13 17 21 11 279 1788 8213 13 561 23547 27255 220 22 24 15 15 1543 22154 2713 25 4560 220 15 13 16 13 18 23 383 264 94450 76 220 16 15 13 17 72216 318 83 47248 198 53261 16 16 15 15 17603 9110 1846 84637 12 16 15 15 20 15 15 1898 11 40352 430 80817 22 20 20 9251 2349 1074 5039 877 19674 22891 16 17 17 16 14 2495 450 4181 602 14 22 20 20 5553 21853 314 220 18 4101 7515 791 25165 318 23310 3618 26 16401 369 9766 303 198 2078 471 279 469 30237 13094 6326 369 496 7 16 8 791 3817 26 220 16 42 14 19 42 829 7320 10298 9781 1172 279 220 15 13 16 13 18 16 198 4595 3173 12 71142 76 4947 11 220 18 17 42 12 16 17 23 42 8047 553 618 254 524 16384 1495 25 220 15 13 16 13 16 19 13 271 4935 4478 13402 383 279 1414 430 1575 25 63520 45543 8213 10281 948 777 314 279 36703 10885 513 198 52742 11 748 264 2086 4087 310 279 1788 9640 10480 424 539 3679 3161 13 6250 1142 310 1142 383 279 220 19 42 9640 11 198 15 13 16 13 16 19 13514 220 23 23 13 20 10885 2600 321 220 15 13 16 13 16 17 220 23 20 13 22 13 561 4947 1518 220 15 13 16 13 16 18 318 23693 12389 883 4139 430 4778 1590 198 80278 26157 74533 14 17 15 17 21 12 15 24 12 17 19 53017 81779 1202 26157 74533 14 17 15 17 21 12 15 24 12 17 19 53017 3082 2472 20668 1174 1439 25 198 80278 26157 74533 14 17 15 17 21 12 15 24 12 17 23 28632 12 15 16 16 19 81779 1202 26157 74533 14 17 15 17 21 12 15 24 12 17 23 28632 12 15 16 16 19 14 52838 20668 553 271 59865 18 62 5955 50 321 35494 18 1063 506 220 17 21 17 42 513 524 16384 25 440 836 220 19 18 593 220 20 15 18295 314 11312 11 264 220 17 21 15 42 33686 2193 12077 264 220 21 19 18295 6464 198 951 1141 4779 3798 539 6302 579 15572 318 1719 11312 478 279 2193 579 81726 6297 478 220 17 19 18295 681 748 6302 38491 685 310 220 16 17 23 42 198 4058 1070 383 220 21 19 18295 13 357 4860 2193 488 4992 27718 312 2078 220 17 21 17 16 19 19 7561 466 264 3608 303 1141 1103 8 369 8341 11 440 264 5020 25 3719 198 6368 35494 18 1063 506 220 17 20 21 42 383 220 21 19 18295 440 21360 310 23116 28133 19 15 21 553 733 279 3238 10592 1354 3728 279 81726 6297 25710 303 18588 1354 321 279 2193 198 26189 524 1698 2272 21360 13 35494 18 1063 318 8251 220 15 13 16 13 19 466 24733 8 369 1132 4501 364 279 3889 1558 11 524 364 22929 220 16 13 20 13 271 332 79852 16350 318 8251 220 15 13 16 13 20 188912 506 220 21 19 42 321 777 11 6302 13205 279 2193 579 81726 6297 303 21360 321 1132 279 919 279 198 51319 15339 303 18588 1354 27718 312 41973 11255 1653 220 18 17 22 21 23 63 681 748 777 11312 4786 383 279 21966 13 1167 17 62 15 506 220 17 21 17 42 25 220 20 15 13 24 1411 220 21 17 13 21 10885 2600 198 7 16 11 20 23 24 1411 220 18 11 23 22 17 11312 303 18588 1354 1174 506 220 16 17 23 42 883 478 21 13948 561 6326 15339 6681 279 1788 2663 318 3138 1332 279 81726 6107 4203 1174 424 198 15958 82 3835 16 18 13 22 24223 314 21360 791 2193 3817 318 16 13 22 18295 506 220 16 17 23 42 553 66153 67940 25 1542 1510 21864 12 4426 78601 1137 14746 63 2957 310 2404 198 275 383 13 18065 10263 424 383 948 279 21360 682 2956 364 424 26 1510 312 41973 37441 286 383 91 1783 63 34282 421 318 263 3162 279 21360 1228 440 264 198 9679 26 2496 1172 457 7733 11 864 4021 4129 553 271 332 19 14813 81726 6297 318 8251 220 15 13 16 13 23 11 9801 188912 1510 21864 12 4426 78601 1137 14746 63 16561 3294 220 23 42 2193 318 269 1440 1510 312 41973 2715 19 62 15 57208 1049 198 11527 2266 279 81726 6297 579 4779 440 264 23117 308 552 12331 1518 220 19 14813 49825 318 6277 653 17 16 681 883 220 19 4 10281 506 220 16 17 23 42 11 694 424 198 284 6678 322 2752 2599 22825 383 1248 9017 318 692 8838 477 478 23 12 16 17 15699 29321 6813 1990 1440 553 220 23 14813 25710 279 1581 13 198 7553 25 39180 26157 74533 14 17 15 17 21 12 15 24 12 17 22 12283 85 49869 19 81779 1202 26157 74533 14 17 15 17 21 12 15 24 12 17 22 12283 85 49869 19 14 52838 20668 553 271 332 29809 15745 710 23 53 19 81726 6297 318 8251 220 15 13 16 13 17 20 11 9801 11 8313 653 16 17 15 188912 1510 312 41973 580 23 85 19 63 27718 21864 12 4426 78601 1137 14746 1137 41973 580 23 85 19 31789 13205 198 1719 6679 506 220 23 9192 321 10220 279 2663 430 44102 220 19 14813 25 220 17 18 4 2599 81726 4779 1056 220 23 14813 11 748 777 11312 4786 303 198 18232 1354 13 220497 220 18 15 24 15 11 279 351 4175 506 220 16 24 23 42 2193 25 220 24 24 4370 314 220 23 20 10885 2600 2468 11 279 1788 29321 2961 11 49219 220 17 12 20 4 198 3122 1162 13 1049 22327 1141 81726 6297 1040 279 975 19251 27718 312 41973 11255 1653 443 63 1590 383 449 220497 220 17 15 21 15 52958 220 23 18295 506 220 16 17 23 42 440 198 17 15 11 19 23 15 18394 7515 11 478 22 23 15 6009 15250 888 18394 710 23 53 19 11 321 424 11857 2577 1056 220 19 14813 81726 383 1248 9017 13 271 332 674 751 75600 54102 2468 318 15 13 16 13 18 15 11 3278 3309 11 1510 6457 4337 7708 48 47404 11481 28 16 63 188912 440 279 35494 3983 11 279 13540 55288 449 198 71376 364 799 3817 440 50285 980 579 12391 1918 321 364 3679 10885 440 4361 450 579 7072 33686 61369 11 864 4625 198 3122 69504 20648 13 2500 1599 10885 4191 449 6009 13402 383 279 61444 303 264 9845 3136 11 748 279 1788 9640 198 266 9039 220 15 628 809 303 264 2086 318 24507 722 1603 8 4087 948 279 55956 11 279 6297 1528 466 264 55483 198 59557 1684 318 10835 653 16 20 17 553 1510 6457 4337 7708 48 47404 11481 28 16 63 318 258 279 2124 579 1510 3059 31789 5533 279 7072 33686 61369 364 198 28068 1809 25 279 4087 1179 874 4860 13402 383 279 55956 13 2088 38012 383 264 89540 220 22 21 15 15 318 7839 55 12 20 16 17 1590 35494 18 1063 16401 198 12 16 486 12 18 12997 279 975 3983 279 1788 26 279 1581 25710 279 24830 5728 13 1848 449 15153 13540 314 29358 261 11342 466 2843 198 28049 11807 55 12 20 16 17 11 1332 279 11807 55 12 17 9705 82721 279 35494 18 1063 5646 11 1510 6457 4337 7708 48 18 50 47404 16 28 16 63 318 2818 3309 8 6486 35494 18 1063 279 7072 33686 198 22524 364 799 3817 11 864 369 279 10281 799 1017 26 424 4203 264 45106 3817 579 49825 11 748 424 369 974 539 1581 13 16410 279 3421 11 1330 777 2433 6564 198 1908 494 799 1622 310 279 1727 28133 19 16 15 1590 279 45559 25165 10480 11312 1881 21360 321 18588 1354 318 1719 21966 321 279 13540 198 1014 449 6009 20648 681 321 279 9640 6297 63011 264 11173 9640 321 15339 1132 1141 9495 1472 279 198 17655 1752 13 1690 4763 12 1653 908 42151 884 1510 312 39242 35464 220 15 1137 85037 59794 2538 220 15 1137 3858 627 12 35790 220 15 63 310 279 4560 579 2736 198 299 1575 28133 19 16 15 1590 279 87567 4191 314 279 13235 11312 318 68600 383 279 21966 4370 314 279 13540 8 1990 1801 279 1118 198 8944 1238 264 1151 1684 494 279 1727 5981 13 2088 38012 1532 318 59865 18 62 5955 50 11 264 220 18 13 21 42 33686 9640 11 220 19 42151 1590 440 660 198 26952 30147 220 16 4087 314 220 19 11 1973 1510 312 3858 627 12 35790 220 15 63 220 17 314 220 19 318 1719 1118 799 42103 681 440 279 16184 220 17 314 220 19 13 198 63 312 3858 627 12 35790 220 15 63 6829 16401 4478 318 1719 13235 11312 660 1542 383 279 13540 681 748 2426 424 364 357 15797 8213 13 271 332 65904 47440 61444 440 469 3434 300 42613 21220 318 2818 3309 11 1510 6457 4337 35232 19028 3024 13246 28 16 63 321 1510 6457 4337 35232 2559 69137 2662 28 16 63 188912 364 264 1622 198 8761 10156 318 33413 3294 220 15 681 1510 6457 4337 35232 19028 3024 13246 28 16 63 14908 279 9665 6000 5887 1141 58498 440 279 2100 579 1765 198 8553 321 4055 3902 4370 314 4483 1141 1379 4222 3817 13 1510 6457 4337 35232 2559 69137 2662 28 16 63 4203 1204 2107 314 1070 3608 494 198 8761 8516 25 279 3817 440 279 7526 280 593 458 11 1332 458 369 56768 11639 87413 539 279 10014 11 279 2234 321 279 3817 198 306 318 1719 469 3434 300 42613 13665 26 424 369 1990 449 4581 5887 314 279 1788 7731 553 2985 279 1581 3608 11 799 4055 1324 198 18486 290 888 279 10853 10300 539 18356 11 264 9665 321 264 2100 6483 8871 11140 1684 303 799 3817 8117 310 198 1867 383 2086 10885 26 440 11639 87413 539 279 3817 11 264 3817 5055 279 1788 11639 383 2107 10744 11 748 781 7268 383 279 198 29567 781 4191 13 13140 9037 7154 513 33702 11 321 1973 279 7101 4161 4203 13 2088 38012 383 264 89540 14791 198 5786 10 220 18 24 20 318 49 31624 220 23 15 21 15 50 11 13928 11 94450 76 220 22 13 16 19 13 16 11 279 585 48213 7249 681 75862 27325 19 9802 6645 43 11 1510 312 9253 220 19 1137 76 765 63 318 1719 2255 1558 579 9665 198 10027 681 9039 220 16 13 15 593 1844 605 220 15 13 24 20 593 1844 4546 220 17 15 11 264 220 16 13 18 42 33686 9640 321 220 20 16 17 2468 10885 11 220 16 17 12 16 18 7154 791 6560 25 198 43494 82 11330 220 20 17 13 23 4 1411 220 20 24 13 24 12997 10885 791 9845 3136 220 17 13 21 20 1411 220 17 13 23 23 11 2468 220 19 16 13 16 1411 220 19 19 13 24 10885 2600 17437 24 4 1174 264 3136 198 15958 82 279 1788 318 43494 220 23 13 23 1411 220 24 13 16 9537 314 220 21 19 553 1510 82 33356 605 10432 63 11988 279 3608 2272 264 3357 5604 383 1396 47241 198 2267 11 321 421 1141 32655 2353 279 73756 13 1848 449 220497 220 18 15 21 15 318 59865 18 62 5955 50 11 1510 312 9253 220 19 1137 76 765 7561 9039 220 16 13 15 593 1844 605 220 15 13 24 20 593 1844 4546 220 17 15 11 220 16 17 91689 4005 13139 314 220 17 15 15 33686 3255 321 1970 7154 8 1510 6457 4337 35232 19028 3024 13246 28 16 63 8953 279 11330 61444 494 220 21 17 13 16 4 310 220 21 21 13 24 4 321 7594 1510 6457 4337 35232 2559 69137 2662 28 16 63 310 220 21 23 13 15 12997 694 16401 4478 1467 524 3166 7551 279 1542 4534 22258 8597 318 53782 220 19 18 13 18 9341 2600 440 32153 7249 11 220 19 17 13 23 440 469 3434 300 430 1575 1590 1380 424 383 678 1765 3575 1518 37281 383 424 13 271 332 760 9665 6000 579 10885 318 15 13 16 13 17 22 11 1510 312 43494 8015 19872 63 188912 279 380 4100 9665 6000 628 1132 28647 10885 494 264 25162 198 1020 279 33761 27718 76 765 14 3233 3336 2850 51046 28434 57208 8439 220 15 13 16 13 17 22 279 25162 5469 1396 8193 11 10452 321 15659 198 5658 318 16 15 21 11 17 24 24 13746 681 748 10926 303 1782 15005 513 220 16 20 12 18 23 4 10281 318 48 17 62 15 11 220497 220 20 15 22 15 553 11116 1901 4829 3835 16 23 15 20112 33 314 198 18232 1354 11 864 279 6009 6297 10583 1845 364 424 318 15 13 16 13 17 23 553 1510 21864 12 4426 78601 1137 14746 1137 43494 8015 19872 644 63 13205 279 198 21874 45361 25162 494 1518 318 19 15 11 20 17 20 13746 11 3835 16 16 15 20112 33 2599 18588 1354 11 6163 10926 220 16 12 17 4 10281 26 351 32942 10926 615 198 57200 874 61444 553 1510 312 43494 8015 19872 9223 29561 407 63 4829 279 6163 45361 25162 5346 279 4220 91434 407 5148 318 20 23 11 24 21 18 198 3256 1590 279 26380 71970 3222 220 16 19 17 314 279 33761 579 220 16 23 11 20 23 15 91434 407 10885 11 748 32512 466 8260 10926 2597 198 16 13 19 10885 264 4625 26 440 424 220 17 13 16 11 321 220 23 18 1411 220 16 15 24 10885 2600 318 5182 55 220 20 15 24 15 11 279 23683 11361 19 21736 681 6163 33702 13 198 63 312 43494 8015 19872 1374 63 318 15 13 16 13 18 24 11 653 20 24 22 8 4829 279 6163 45361 25162 5346 279 220 20 11 21 23 21 10885 421 3311 220 24 24 4 314 264 8323 198 54 14507 40701 318 19 21 11 17 16 16 13746 11 1510 15449 3336 2850 51046 6971 1137 5816 17289 63 1590 220 17 18 13 21 4 314 8323 1414 579 10885 998 4732 279 198 21874 45361 25162 11 220 15 13 22 4 513 4732 411 799 13 27632 82 11330 303 8323 10926 220 15 13 20 16 1411 220 15 13 21 15 318 59865 18 62 5955 50 11 220497 220 20 15 22 15 11 198 23 49219 830 220 17 15734 26 6163 220 15 13 21 16 1411 220 15 13 21 18 321 1970 220 15 13 22 22 1411 220 15 13 22 23 11 874 4557 681 321 220 16 19 16 1411 220 16 20 23 9341 2600 303 8323 383 449 198 5182 55 220 20 15 24 15 318 59865 18 1063 11 279 18387 579 18100 553 198 63 15449 3336 2850 51046 6971 63 21426 321 1583 7722 71970 13 3095 279 1151 17397 440 328 1719 9665 1901 1503 524 4786 1 318 64 198 16 17 18295 3575 440 264 1248 2193 11 653 19 22 19 681 279 4560 2640 1204 1691 279 1901 3749 11 1204 1691 18588 1354 369 1845 321 864 198 8732 261 25162 17759 11 321 279 3421 579 1151 1412 42151 424 26 6302 12846 1510 312 43494 8015 19872 644 63 383 7176 1172 198 16 19 18295 318 3138 264 23032 25 4161 4203 7014 488 1440 424 553 271 332 50 18913 1973 279 9665 6000 27718 312 76 765 63 369 9801 188912 1510 12882 63 8213 1973 1510 312 76 765 27653 27632 82 1179 2445 494 279 198 25930 4181 14322 12 20377 42634 1011 1132 318 269 799 3817 791 4625 681 1396 3817 369 1990 23185 2272 279 1558 11 321 279 198 43494 6000 579 18588 1354 29752 15 13 22 12 16 14944 33 440 1141 1901 8 5601 310 279 6009 6297 25 220 16 11 15 15 15 1411 220 16 11 21 22 23 15250 303 799 357 15797 383 449 220 23 18295 198 4791 13 561 10125 6297 27718 312 59557 35464 1395 564 31789 25710 383 25 264 40834 10125 1179 22651 874 9665 710 26355 13 271 332 23428 10592 1354 3728 318 8251 220 15 13 16 13 17 21 11 11543 539 6302 188912 13870 660 314 264 1558 579 11312 513 21103 1083 21360 318 17 18 12 20 15 18295 11 198 79 19936 8 321 279 21966 9687 264 2880 314 279 1379 66203 5981 13 1848 264 6464 6483 21360 4021 3222 1070 28428 279 1785 318 1719 198 4431 15089 5346 3835 16 15 18295 681 6302 4370 13640 1070 494 799 999 303 279 1558 579 8265 27718 312 76 2117 17830 15089 7561 279 3641 579 198 63 4431 15089 28434 7561 478 17 18 12 20 15 18295 314 12977 553 561 9787 999 6297 9687 1092 279 21966 1503 524 11 321 424 628 2873 421 4779 1142 13 198 1860 279 351 4175 279 4560 579 10839 4779 20382 494 220 18 21 310 3835 16 18 18295 11 440 279 1788 10926 13 2985 264 2330 21966 318 276 220497 198 20 15 24 15 9687 660 314 279 351 4175 579 11312 11 1379 314 1167 17 62 15 579 8 424 8213 506 6791 279 13087 4478 13 2985 264 2526 799 11 1379 198 4431 15089 2445 494 279 35160 321 424 369 1691 27467 318 14746 2640 748 553 1510 21864 12 4426 78601 1137 14746 1137 9997 12 2319 383 91 1783 63 34282 198 1719 5576 13 271 332 23428 10592 1354 3728 11 18394 318 8251 220 15 13 16 13 18 15 188912 948 279 11312 279 21966 1503 524 3222 4786 279 21360 318 4058 279 1788 3835 16 15 18295 198 9154 562 1070 681 6302 21220 279 18394 11096 4370 27718 312 38222 17830 15089 63 1590 506 1151 279 4560 10672 6681 1782 198 4431 15089 494 1510 4431 15089 28434 63 1083 21360 318 2799 12 23857 948 279 5404 5954 11 745 15588 303 21360 681 748 1345 424 10926 198 39850 369 1301 494 279 35160 11 4611 2545 21360 279 9787 10583 364 1141 999 6297 13 24508 440 6302 579 2193 25 264 198 18 17 18295 6464 440 264 220 17 19 18295 21966 8213 1167 17 62 15 11 35494 17 6645 50 321 279 351 4175 411 1560 29752 16 21 12 16 23 18295 314 11312 303 21360 11 279 21966 9687 279 198 1520 3835 16 23 18295 681 264 220 18 17 18295 6464 440 264 220 16 17 12 16 21 18295 21966 279 351 4175 26 35494 18 62 5955 50 383 264 220 18 17 18295 6464 25710 23098 13 561 3447 25 198 12 561 9640 1752 30593 1748 2956 303 279 21966 579 6009 6297 364 1141 26502 321 9240 1782 11312 1142 1238 279 9640 26 198 220 430 2944 430 279 21360 5954 11 836 11312 513 8341 303 21360 2166 318 684 264 9640 15339 4161 494 279 35160 2892 553 198 12 561 6297 1990 10695 279 10125 27718 312 85037 5478 1164 63 1590 264 13881 10672 279 3514 12404 6009 1142 494 18588 1354 1083 279 198 220 21360 1925 314 279 799 421 39356 424 11 748 279 21360 2880 13205 9668 6681 1092 279 21966 1503 524 13 198 12 1510 312 85037 12 7449 220 16 63 318 2818 3309 11 1510 312 12882 63 1590 279 70664 314 264 4625 11573 1881 16401 10708 383 264 12755 4368 198 220 318 8298 1142 11 2880 303 11 3166 1083 21360 8 4370 314 799 3136 8318 364 279 4220 4625 13 2717 440 1510 312 13646 63 466 198 220 1510 312 16049 63393 63 318 1719 21500 25165 8213 1017 553 2985 1510 312 49534 93843 220 17 63 318 19186 10708 303 10650 11 1436 198 220 498 65217 40 66394 20668 9251 65217 40 66394 20668 578 279 10672 1083 279 3514 12404 15250 321 279 10480 1083 21360 1048 3655 2980 279 10708 198 220 421 998 303 10650 948 781 998 6426 599 7888 27718 6457 4337 93181 21811 63736 78118 28 15 43143 279 21500 25165 198 220 1017 553 1049 369 524 2612 9884 519 494 1542 310 1542 25 864 3136 1118 55288 264 55045 3309 6009 383 279 21966 318 7949 198 220 18937 20648 494 279 13540 8 13402 383 948 1141 2880 11496 13 198 220 1049 25710 383 279 21500 25165 318 80387 303 279 1433 8 948 279 9013 26502 513 524 2081 12 23857 26 279 10159 1500 198 220 6473 9537 791 4625 13 198 12 1510 6457 4337 4805 39524 60554 2260 28 16 63 318 2818 3309 1590 449 45559 13881 5888 4011 14834 888 4370 314 30021 279 3514 12404 198 220 22676 1083 279 21360 2880 318 24974 6948 74270 11 6999 2081 12 23857 2880 553 24919 10885 11 16253 3357 10672 26 424 4138 440 198 220 1510 312 85037 12 7449 220 16 63 2166 13 11956 321 279 18100 25 498 3152 39524 60554 3381 20668 9251 3152 39524 60554 3381 20668 553 198 12 561 10926 513 279 13983 23098 3728 579 364 279 1788 6009 20791 25 279 5639 513 279 999 579 13 2985 264 2081 12 23857 198 220 2880 279 21966 1048 4829 1141 13087 4191 314 279 40889 888 87567 27718 312 3858 627 12 35790 63 681 430 440 3213 21360 26 1510 312 3858 627 12 35790 220 15 63 198 220 318 269 1510 6457 4337 10662 19206 15378 28 15 31789 6486 279 23098 3728 579 4581 10885 13 198 12 561 4560 10583 220 19 18295 314 279 21360 424 13325 1845 27718 6457 4337 10662 19206 27084 48965 2559 3151 63 1174 948 1442 279 11312 279 21966 1503 198 220 524 3222 635 524 4786 11 424 2640 748 321 8213 279 13983 23098 3728 13 561 3421 1433 4774 11 791 1622 11 1204 1599 6009 198 220 15339 3804 310 279 999 27718 38222 21360 25 2423 22676 15339 494 279 999 43143 220 15 303 23271 958 553 198 12 1510 312 9997 12 2319 18394 87447 2117 63 8177 799 11096 318 18092 383 264 6464 440 3213 21360 11 378 1257 13 310 1380 424 553 198 12 24876 68022 28133 18 21 19 11 653 18 23 19 1590 6302 38491 799 21966 303 279 3238 10592 1354 3728 318 1719 18394 11096 682 874 6000 6507 198 220 3482 681 321 16561 26 1510 312 70 17289 220 15 11 16 63 318 269 34579 220 17 8 12863 279 1558 3808 1070 440 279 23098 11096 198 220 27718 312 76 2117 17830 15089 63 1590 279 7176 3658 3222 777 314 279 11312 11 321 1330 3719 16384 424 220 16 13 18 12 16 13 21 87 10281 1056 198 220 799 3575 11 694 279 9787 999 6297 628 4990 279 21360 310 220 15 1845 2261 1248 49219 13 1510 312 9405 63 13205 799 21966 13 357 2124 198 220 440 1510 312 38222 17830 15089 63 3727 440 1510 312 70 17289 63 30147 310 1510 312 76 2117 17830 15089 63 440 264 5020 11 321 279 4560 8213 421 198 220 6505 430 1510 312 76 2117 17830 15089 63 440 264 9663 4370 314 36734 424 13 2972 12189 220 15 13 16 13 19 15 28133 21 19 17 11 653 23 19 23 31230 6302 7225 449 198 220 4560 421 8213 279 18394 11096 383 264 6507 11 748 424 13205 2107 7176 11 18394 11 430 364 866 2124 25 198 220 498 65217 40 66394 20668 9251 65217 40 66394 20668 2 940 36268 553 271 332 32 23098 24112 364 2526 21360 318 44780 11 3278 3309 11 220 15 13 16 13 18 24 11 8313 653 21 19 15 188912 1510 6457 4337 1511 762 7096 1203 17092 28 16 63 13640 264 9575 3641 579 6009 198 29531 1301 14934 494 279 3641 579 1510 4431 15089 28434 63 4370 314 5122 424 1083 15588 21360 11 364 264 6464 6483 68022 3222 1379 198 4431 15089 694 6483 21360 369 2526 318 17 87 220 16 21 18295 68022 440 220 18 17 18295 314 21360 25 3835 16 18295 1411 220 17 20 18295 2420 1345 13092 553 561 1118 198 2388 13514 1510 4431 15089 28434 63 318 9033 279 6338 682 2956 364 424 681 2843 8211 2336 424 26 279 6602 314 279 11312 264 21966 9687 198 532 21893 1142 310 279 9787 13 6250 424 440 1510 312 3858 627 12 35790 220 15 63 318 1719 68022 615 874 23098 15078 553 16643 279 3759 4161 198 18778 13 271 332 674 80671 23098 6009 6602 383 5342 318 2818 3309 188912 1510 6457 4337 7833 39308 28 16 63 14908 1510 1643 71764 3488 63 10691 279 198 8610 999 43523 6602 314 11312 1238 836 21966 64313 4434 11 2583 279 15250 46213 310 829 7320 321 1179 198 1062 4233 13 1049 4138 440 1510 4431 15089 28434 63 321 279 2050 54802 19913 6001 26 5904 18169 6602 321 843 4181 19936 26502 198 532 2047 7249 13 1188 723 466 1510 15 63 13205 279 3555 7465 13 1848 799 220 18 17 18295 5342 220 16 16 20012 440 449 220497 220 19 15 23 15 54240 198 429 264 25838 50669 220497 220 18 15 24 15 11 35494 17 6645 50 440 1510 312 76 2117 17830 15089 1137 10027 75724 220 16 17 1137 10350 48470 12 12942 63 8953 21853 2420 198 32784 494 220 15 13 20 16 310 220 16 17 13 16 24 14944 33 3808 220 16 42 14 19 42 14 16 21 42 9640 18506 11 440 220 18 13 22 12 19 13 19 4 4570 829 7320 61610 13 1049 1467 524 7698 198 94085 4779 466 6745 35160 15339 13 1061 369 264 3133 23342 12639 11 524 449 632 2117 466 264 14988 421 279 9787 20382 198 1159 999 6297 13 3382 279 498 20489 11 20934 321 13001 9251 1202 26157 74533 14 17 15 17 21 12 16 15 12 15 19 93843 1395 5499 43240 14 52838 20668 553 271 332 23428 10592 1354 3728 1973 1510 4431 15089 28434 63 318 8251 220 15 13 16 13 18 16 188912 364 279 9575 29318 318 59865 17 6645 50 11 35494 18 62 5955 50 11 35494 18 1063 11 279 351 4175 11 22929 11 198 48 17 62 15 18788 539 1510 15449 15956 80 31902 6971 74927 524 279 41042 1167 17 62 15 3641 6302 3520 364 11807 55 12 20 16 17 63266 8 279 23098 3728 874 4860 198 53390 279 3641 579 1510 4431 15089 28434 43143 948 279 3641 682 6643 11 279 4560 198 17114 279 1558 579 54802 19913 3425 5402 321 15339 1754 6009 579 17587 11 685 321 1441 6761 494 1332 1510 28767 13808 15089 3778 63 198 93592 781 513 318 1719 3425 513 9770 2272 424 1118 25 1396 15167 579 803 11 913 11 5893 11 4206 321 13854 553 2844 198 82 4541 279 220 17 18 12 20 15 18295 2880 383 279 12977 13 561 10926 513 279 1788 25 383 279 351 4175 11 220 21 19 54102 10885 494 1510 4431 15089 28434 63 321 198 1445 279 54802 19913 6348 18922 10885 321 58740 13 1473 6009 1301 494 279 54802 19913 369 2250 15339 4370 314 799 11 748 279 198 8251 7560 287 264 6000 579 7167 11312 383 220 23 14145 27718 6457 4337 55981 54350 31789 440 799 6937 290 2081 1622 198 7 12782 1510 28999 2900 31931 10327 57208 2985 449 1510 4431 15089 28434 63 303 279 3641 11 4161 4203 13 18065 1503 524 958 411 3482 13 271 332 44780 999 55338 353 17011 1752 318 2818 303 11 1510 6457 4337 19187 64133 15370 28 16 74927 220 15 13 16 13 19 15 13 17 188912 279 23098 999 25165 15339 11312 1472 198 2799 54794 13 2985 411 383 11 279 6000 579 20181 3726 11312 321 279 8997 2195 8594 290 5981 314 279 1727 6000 27718 6457 4337 71181 32 34261 9802 7561 198 63 6457 4337 19187 64133 15370 31562 7561 1581 220 17 948 383 8 513 1301 539 353 17011 14145 27718 6457 4337 19187 76465 54350 7561 1581 220 23 8 440 4220 1402 1625 198 63 20090 38508 1083 279 2081 6297 11 321 279 13540 61369 1301 279 12366 430 1518 13 561 5639 513 279 1788 11 748 279 2468 369 279 198 23310 318 15069 9037 35494 18 62 5955 50 321 1167 17 62 15 48570 18922 11 87363 974 5972 383 553 1510 6457 4337 19187 76465 62626 28 16 63 4370 17102 1396 20181 3726 198 71376 303 264 4011 321 3520 279 6000 3655 364 1070 26 1510 6457 4337 19187 76465 1511 34261 28 15 63 13205 1132 279 7244 15339 13 561 791 43318 198 813 1500 328 1152 25165 353 17011 1 4774 1092 279 9787 1301 494 279 6338 44683 15318 65932 40022 11 3478 54794 8 2272 279 4560 579 6009 198 29369 26 1510 6457 4337 19187 50216 28 16 63 318 269 87363 383 8 11039 279 2081 35464 4062 593 3016 6507 318 1030 2084 8 321 279 1301 95085 1429 593 19396 14159 13 198 82405 318 2173 273 4005 357 15797 11 220 16 15 13139 11 220 17 15 15 33686 54102 1711 5212 11 2081 6297 11878 1518 1754 1542 11 4779 3798 539 272 3938 1590 271 91 3618 11 20619 735 1581 318 7320 8 735 1510 6457 4337 19187 76465 62626 28 16 63 735 198 91 4277 91 4277 91 4277 91 198 91 220497 220 18 15 21 15 11 220 18 17 18295 11 35494 18 62 5955 50 735 471 18 13 19 4 735 189816 17 20 13 22 188460 735 198 91 220497 220 18 15 21 15 11 220 16 21 18295 11 35494 18 62 5955 50 735 471 16 13 23 4 735 471 18 17 13 21 4 735 198 91 36191 220 22 23 15 44 585 48213 11 220 16 21 18295 11 1167 17 62 15 318 40188 25165 974 8 735 471 15 13 22 4 318 25638 478 18 13 23 12997 1970 478 19 13 16 11007 735 471 16 24 4 735 271 2278 279 11312 7948 303 279 2081 6297 318 19 21 18295 383 279 220 18 15 21 15 11 220 21 15 18295 383 279 585 48213 3618 8 279 999 25165 2582 8213 506 279 198 38222 4478 11 748 1017 369 4161 310 3063 26 279 12558 369 279 8981 1151 321 279 3238 10592 1354 31930 13 1987 424 369 974 539 1581 11 321 198 1719 46170 11096 369 5621 4313 1132 383 264 220 18 17 18295 14371 3618 13 2972 72 48213 83081 64700 383 264 36191 220 22 23 15 44 11 87363 3658 440 279 198 40188 25165 27718 312 85037 5478 1164 7561 383 539 1581 8 1172 4779 7035 7345 279 21966 303 883 220 22 314 220 24 8213 318 1719 4560 198 24918 264 9663 321 8213 430 4439 1174 440 1510 312 85037 5478 1164 220 16 15 15 15 15 15 63 1017 998 874 63961 303 3835 19 15 8213 13 561 5073 369 524 1669 13 271 332 32 21360 7786 318 8251 220 15 13 16 13 18 16 11 1510 312 38222 91480 2294 564 443 63 188912 279 18394 11096 364 264 1558 6483 11312 635 524 660 198 6078 25 279 443 14944 33 314 11312 279 21966 6297 1503 524 3222 421 279 6009 5353 20169 36056 513 21103 1083 21360 506 198 2388 318 23857 26 2081 12 23857 948 279 5404 5954 279 4220 7786 681 321 279 2645 513 1301 494 279 3425 13 198 2064 23197 1510 312 76 2117 17830 15089 63 321 10583 220 19 14944 33 314 1901 2871 13 1848 5342 11 2420 5099 8390 1048 198 39721 279 7786 26 264 7875 443 369 1145 31136 310 279 8882 3798 2599 220 19 14944 33 321 264 220 17 20 21 20112 33 4592 11 440 264 1876 13 198 32 1145 31136 7786 874 4860 14107 279 6925 1716 421 10695 28133 19 15 18 553 357 7786 421 4021 381 8341 506 660 369 264 198 18357 11 440 1396 6009 1301 494 279 3425 13 18065 7062 443 440 1510 312 38222 91480 2294 564 443 27653 2985 198 1719 54802 19913 1301 303 1925 424 1048 3980 977 279 1727 6000 579 4222 11312 25 1345 279 13540 4138 383 264 6000 11 264 4368 16298 198 1719 1727 6000 579 8997 310 411 6000 579 1879 321 16561 279 9787 364 279 6602 314 279 18569 11312 421 13468 279 198 48213 6130 279 21360 7786 9687 318 3138 6602 471 279 11312 23424 513 279 1788 26 1510 6457 4337 71181 32 34261 28 15 63 10263 424 974 553 1061 198 284 1092 8213 498 242332 67194 579 75862 27325 19 9802 6645 43 9251 85620 1537 3496 12952 19 20668 8 318 22 17 14944 33 314 11312 8 383 264 220 21 19 18295 6464 25 220 22 12 23 13 20 10885 2600 506 443 283 220 19 15 383 449 198 5182 55 220 20 15 22 15 11 2272 3835 18 10885 2600 1518 1439 4203 13 271 332 16345 287 3568 303 220 15 13 16 13 19 15 318 528 974 7014 10036 26 6643 4203 279 1581 2468 188912 198 12 1510 312 41973 89536 63 318 269 1510 6457 4337 9802 53 2559 14654 28 16 74927 1510 312 2083 12283 85 89536 63 10263 424 974 1590 279 710 26355 4829 18588 1354 1132 364 279 7515 279 7154 198 220 5372 11 321 279 6009 6297 9687 279 2645 11 6866 15250 1142 430 279 2193 26817 13 1049 3749 799 21966 11 449 6009 198 220 5353 11 279 4220 710 26355 303 18588 1354 318 2083 81726 16350 8 321 1396 6009 303 21360 318 1856 279 18394 3238 10592 1354 3728 1174 5752 11 198 220 321 440 1510 312 13646 7561 1510 312 85 2319 12 59879 63 466 1510 312 16049 63393 7561 279 4560 2640 748 321 25710 974 13 198 12 1510 312 3662 22728 1483 63 318 269 1510 6457 4337 16705 30279 28 4119 7561 5342 1590 279 3357 4368 8213 383 279 1483 6745 6007 321 279 198 220 7106 1831 279 1118 13 5342 20653 264 21966 579 42001 310 279 1118 6007 11 1332 264 3357 36609 383 279 21966 579 7789 198 220 45369 364 1070 27718 312 3662 22728 1118 63 369 279 1581 26 279 19942 1433 4874 279 34523 553 198 12 1510 6457 4337 21811 63736 2275 1825 28 17 63 28133 22 21 19 1590 264 3136 4829 279 45559 25165 579 70664 2957 781 513 1330 10708 2235 318 2186 220 16 11 198 220 430 220 15 13 16 13 18 24 553 1510 6457 4337 64133 8955 17641 28 16 63 28133 21 24 18 1590 264 9640 9933 369 1301 303 25903 314 5951 1331 11 524 2400 25903 321 264 198 220 2716 1483 799 318 18778 279 49825 553 1510 6457 4337 2160 35695 1425 50154 28 44839 63 28133 22 24 21 1590 279 6297 60876 7336 279 9640 1752 579 198 220 1765 26502 539 836 1865 23014 4370 314 220 15 13 16 13 18 24 579 5728 13 198 12 1510 6457 4337 12952 17 10864 2822 26915 28 16 43143 264 2612 86469 2713 9705 364 1167 17 62 15 383 63266 440 11807 55 17 321 874 11807 55 12 20 16 17 318 18778 279 1483 9192 553 198 220 1510 6457 4337 8827 28426 55 53 9455 40 28 16 63 10263 279 11807 55 19025 9455 40 7346 314 279 585 12 29456 11 35494 19 1548 43 321 1167 17 62 15 6761 974 383 63266 421 599 1070 198 220 318 32 74241 11342 11 79169 52365 321 2843 1174 781 2873 279 1788 9192 430 279 11807 55 17 7346 11 220 19 12 17 20 4 10281 6761 13 198 12 27632 6000 25 1510 312 20377 62985 13011 380 63 318 1719 37847 2193 2353 1510 198 96220 98645 96810 96314 108623 3709 110334 99454 114520 135283 97493 1710 248046 198 248045 74455 198 248068 271 248069 271
output  : 104575 108623 98153 132227 2972 2495 450 332 220 104170 9616 103715 5861 36 220 100900 97796 98277 103725 111892 104170 7313 95772 109054 101874 99135 9616 5182 55 220 20 15 22 15 11 89540 220 20 220 22 21 15 15 11 220 21 19 5213 21360 7313 98276 99454 96902 5205 96314 97318 101751 96128 99945 100573 1710 271 97155 101859 134559 108623 95726 98645 3709 97556 115485 332 99454 114520 332 95999 332 99945 97493 221794 271 4277 271 13962 220 16 13 220 98144 99454 104633 318 5182 55 220 20 15 22 15 478 89540 220 20 220 22 21 15 15 8 271 9 256 2972 52782 220 96961 98630 318 28999 473 188912 198 262 348 256 220 95772 220
decode                   128 tokens in 1484.8 ms  ->  86.21 tok/s
prefill                  8198 tokens in 2883.2 ms  ->  2843.34 tok/s  (time to first token 10949.4 ms)
  per token              11.600 ms/token (WALL CLOCK: embed, layers, head, sample)
  ple io: 133584 rows, 0.5% row-cache hits, 89108 SSD reads (365.2 MB), read p50 382 us p99 11786 us, blocked 480.523 ms total (submit 1.476 ms), cache 86181/1048576 rows, SSD kept awake by 26 reads (slowest 5.8 ms)
  the CPU expert pool    16.763 ms/token over 48 layers (51 positions, 2448 dispatches)
  pool phases              wait-park 0.000  drain 16.510  re-park 0.000  ms/token
  expert blobs           48828 blobs read
  R4 overlap             0 of 0 layers the hit work was DONE when the pool returned
  R4 expert-cache hits   44439 of 67627 = 0.6571      (0 admitted, 23188 refused, cache 100.0000% full)
  elastic K/V            16384 cells in VRAM, 0 grows, 0 trims, 0 experts given up, 0 refilled
