speculation              51 rounds of 3, drafts accepted 77 of 100 (0.770), 2.51 tokens per round
accepted per round       0:8 1:9 2:34
verify window            wait for rings 46.558  pool 5.242  host 3.001  commit 0.014 ms/round; CPU experts 0.00 distinct / 0.00 routed per layer
pool multi               gate/up 0.000  quantize 0.000  down 0.000 ms/round; 0.0 GB/s over the rows phases; CPU pool call 2.237 ms/round
dispatch                 plan 2.218  activation quantize 0.001  jobs 0.007  run 0.003 ms/round
adaptive tier            1152 experts swapped into the VRAM tier (every 4 rounds, 0.227 ms/round)
resident RAM             63.28 GiB of experts in RAM, 0 exchanged with the VRAM tier, 0 blob reads from the file
expert tiers             decode: RAM 28097 blobs, files 0 blobs, 0.0 MB read from the files (0.00 MB/round, 0.0 ms/round of reading, 0.00 GB/s per reading thread); prompt copies 0.0 MB
pcie experts             11.01 distinct experts per layer read over PCIe (share 256/256 of the misses)
mtp                      2.495 ms/round drafting (50 rounds), MTP prompt 227.1 ms, 2884 MiB of VRAM
prompt  : 248045 846 198 20682 2624 18253 71592 264 10300 2624 9581 13 23024 279 5956 2315 321 13657 279 9468 4139 13 220 20682 2624 18253 71592 264 10300 2624 9581 13 23024 279 5956 2315 321 13657 279 9468 4139 13 220 20682 2624 18253 71592 264 10300 2624 9581 13 23024 279 5956 2315 321 13657 279 9468 4139 13 220 20682 2624 18253 71592 264 10300 2624 9581 13 23024 279 5956 2315 321 13657 279 9468 4139 13 220 20682 2624 18253 71592 264 10300 2624 9581 13 23024 279 5956 2315 321 13657 279 9468 4139 13 220 20682 2624 18253 71592 264 10300 2624 9581 13 23024 279 5956 2315 321 13657 279 9468 4139 13 220 20682 2624 18253 71592 264 10300 2624 9581 13 23024 279 5956 2315 321 13657 279 9468 4139 13 220 20682 2624 18253 71592 264 10300 2624 9581 13 23024 279 5956 2315 321 13657 279 9468 4139 13 220 20682 2624 18253 71592 264 10300 2624 9581 13 23024 279 5956 2315 321 13657 279 9468 4139 13 220 20682 2624 18253 71592 264 10300 2624 9581 13 23024 279 5956 2315 321 13657 279 9468 4139 13 220 20682 2624 18253 71592 264 10300 2624 9581 13 23024 279 5956 2315 321 13657 279 9468 4139 13 220 20682 2624 18253 71592 264 10300 2624 9581 13 23024 279 5956 2315 321 13657 279 9468 4139 13 220 20682 2624 18253 71592 264 10300 2624 9581 13 23024 279 5956 2315 321 13657 279 9468 4139 13 220 20682 2624 18253 71592 264 10300 2624 9581 13 23024 279 5956 2315 321 13657 279 9468 4139 13 220 20682 2624 18253 71592 264 10300 2624 9581 13 23024 279 5956 2315 321 13657 279 9468 4139 13 220 20682 2624 18253 71592 264 10300 2624 9581 13 23024 279 5956 2315 321 13657 279 9468 4139 13 220 20682 2624 18253 71592 264 10300 2624 9581 13 23024 279 5956 2315 321 13657 279 9468 4139 13 220 20682 2624 18253 71592 264 10300 2624 9581 13 23024 279 5956 2315 321 13657 279 9468 4139 13 220 20682 2624 18253 71592 264 10300 2624 9581 13 23024 279 5956 2315 321 13657 279 9468 4139 13 220 20682 2624 18253 71592 264 10300 2624 9581 13 23024 279 5956 2315 321 13657 279 9468 4139 13 220 20682 2624 18253 71592 264 10300 2624 9581 13 23024 279 5956 2315 321 13657 279 9468 4139 13 220 20682 2624 18253 71592 264 10300 2624 9581 13 23024 279 5956 2315 321 13657 279 9468 4139 13 220 20682 2624 18253 71592 264 10300 2624 9581 13 23024 279 5956 2315 321 13657 279 9468 4139 13 220 20682 2624 18253 71592 264 10300 2624 9581 13 23024 279 5956 2315 321 13657 279 9468 4139 13 220 20682 2624 18253 71592 264 10300 2624 9581 13 23024 279 5956 2315 321 13657 279 9468 4139 13 220 20682 2624 18253 71592 264 10300 2624 9581 13 23024 279 5956 2315 321 13657 279 9468 4139 13 220 20682 2624 18253 71592 264 10300 2624 9581 13 23024 279 5956 2315 321 13657 279 9468 4139 13 220 20682 2624 18253 71592 264 10300 2624 9581 13 23024 279 5956 2315 321 13657 279 9468 4139 13 220 20682 2624 18253 71592 264 10300 2624 9581 13 23024 279 5956 2315 321 13657 279 9468 4139 13 220 20682 2624 18253 71592 264 10300 2624 9581 13 23024 279 5956 2315 321 13657 279 9468 4139 13 220 20682 2624 18253 71592 264 10300 2624 9581 13 23024 279 5956 2315 321 13657 279 9468 4139 13 220 20682 2624 18253 71592 264 10300 2624 9581 13 23024 279 5956 2315 321 13657 279 9468 4139 13 220 20682 2624 18253 71592 264 10300 2624 9581 13 23024 279 5956 2315 321 13657 279 9468 4139 13 220 20682 2624 18253 71592 264 10300 2624 9581 13 23024 279 5956 2315 321 13657 279 9468 4139 13 220 20682 2624 18253 71592 264 10300 2624 9581 13 23024 279 5956 2315 321 13657 279 9468 4139 13 220 20682 2624 18253 71592 264 10300 2624 9581 13 23024 279 5956 2315 321 13657 279 9468 4139 13 220 20682 2624 18253 71592 264 10300 2624 9581 13 23024 279 5956 2315 321 13657 279 9468 4139 13 220 20682 2624 18253 71592 264 10300 2624 9581 13 23024 279 5956 2315 321 13657 279 9468 4139 13 220 20682 2624 18253 71592 264 10300 2624 9581 13 23024 279 5956 2315 321 13657 279 9468 4139 13 220 20682 2624 18253 71592 264 10300 2624 9581 13 23024 279 5956 2315 321 13657 279 9468 4139 13 220 20682 2624 18253 71592 264 10300 2624 9581 13 23024 279 5956 2315 321 13657 279 9468 4139 13 220 20682 2624 18253 71592 264 10300 2624 9581 13 23024 279 5956 2315 321 13657 279 9468 4139 13 220 20682 2624 18253 71592 264 10300 2624 9581 13 23024 279 5956 2315 321 13657 279 9468 4139 13 220 20682 2624 18253 71592 264 10300 2624 9581 13 23024 279 5956 2315 321 13657 279 9468 4139 13 220 20682 2624 18253 71592 264 10300 2624 9581 13 23024 279 5956 2315 321 13657 279 9468 4139 13 220 20682 2624 18253 71592 264 10300 2624 9581 13 23024 279 5956 2315 321 13657 279 9468 4139 13 220 20682 2624 18253 71592 264 10300 2624 9581 13 23024 279 5956 2315 321 13657 279 9468 4139 13 220 20682 2624 18253 71592 264 10300 2624 9581 13 23024 279 5956 2315 321 13657 279 9468 4139 13 220 20682 2624 18253 71592 264 10300 2624 9581 13 23024 279 5956 2315 321 13657 279 9468 4139 13 220 20682 2624 18253 71592 264 10300 2624 9581 13 23024 279 5956 2315 321 13657 279 9468 4139 13 220 20682 2624 18253 71592 264 10300 2624 9581 13 23024 279 5956 2315 321 13657 279 9468 4139 13 220 20682 2624 18253 71592 264 10300 2624 9581 13 23024 279 5956 2315 321 13657 279 9468 4139 13 220 20682 2624 18253 71592 264 10300 2624 9581 13 23024 279 5956 2315 321 13657 279 9468 4139 13 220 20682 2624 18253 71592 264 10300 2624 9581 13 23024 279 5956 2315 321 13657 279 9468 4139 13 220 20682 2624 18253 71592 264 10300 2624 9581 13 23024 279 5956 2315 321 13657 279 9468 4139 13 220 20682 2624 18253 71592 264 10300 2624 9581 13 23024 279 5956 2315 321 13657 279 9468 4139 13 220 20682 2624 18253 71592 264 10300 2624 9581 13 23024 279 5956 2315 321 13657 279 9468 4139 13 220 20682 2624 18253 71592 264 10300 2624 9581 13 23024 279 5956 2315 321 13657 279 9468 4139 13 220 20682 2624 18253 71592 264 10300 2624 9581 13 23024 279 5956 2315 321 13657 279 9468 4139 13 220 20682 2624 18253 71592 264 10300 2624 9581 13 23024 279 5956 2315 321 13657 279 9468 4139 13 220 20682 2624 18253 71592 264 10300 2624 9581 13 23024 279 5956 2315 321 13657 279 9468 4139 13 220 20682 2624 18253 71592 264 10300 2624 9581 13 23024 279 5956 2315 321 13657 279 9468 4139 13 220 20682 2624 18253 71592 264 10300 2624 9581 13 23024 279 5956 2315 321 13657 279 9468 4139 13 220 20682 2624 18253 71592 264 10300 2624 9581 13 23024 279 5956 2315 321 13657 279 9468 4139 13 220 20682 2624 18253 71592 264 10300 2624 9581 13 23024 279 5956 2315 321 13657 279 9468 4139 13 220 20682 2624 18253 71592 264 10300 2624 9581 13 23024 279 5956 2315 321 13657 279 9468 4139 13 220 20682 2624 18253 71592 264 10300 2624 9581 13 23024 279 5956 2315 321 13657 279 9468 4139 13 220 20682 2624 18253 71592 264 10300 2624 9581 13 23024 279 5956 2315 321 13657 279 9468 4139 13 220 20682 2624 18253 71592 264 10300 2624 9581 13 23024 279 5956 2315 321 13657 279 9468 4139 13 220 20682 2624 18253 71592 264 10300 2624 9581 13 23024 279 5956 2315 321 13657 279 9468 4139 13 220 20682 2624 18253 71592 264 10300 2624 9581 13 23024 279 5956 2315 321 13657 279 9468 4139 13 220 20682 2624 18253 71592 264 10300 2624 9581 13 23024 279 5956 2315 321 13657 279 9468 4139 13 220 20682 2624 18253 71592 264 10300 2624 9581 13 23024 279 5956 2315 321 13657 279 9468 4139 13 220 20682 2624 18253 71592 264 10300 2624 9581 13 23024 279 5956 2315 321 13657 279 9468 4139 13 220 20682 2624 18253 71592 264 10300 2624 9581 13 23024 279 5956 2315 321 13657 279 9468 4139 13 220 20682 2624 18253 71592 264 10300 2624 9581 13 23024 279 5956 2315 321 13657 279 9468 4139 13 220 20682 2624 18253 71592 264 10300 2624 9581 13 23024 279 5956 2315 321 13657 279 9468 4139 13 220 20682 2624 18253 71592 264 10300 2624 9581 13 23024 279 5956 2315 321 13657 279 9468 4139 13 220 20682 2624 18253 71592 264 10300 2624 9581 13 23024 279 5956 2315 321 13657 279 9468 4139 13 220 20682 2624 18253 71592 264 10300 2624 9581 13 23024 279 5956 2315 321 13657 279 9468 4139 13 220 20682 2624 18253 71592 264 10300 2624 9581 13 23024 279 5956 2315 321 13657 279 9468 4139 13 220 20682 2624 18253 71592 264 10300 2624 9581 13 23024 279 5956 2315 321 13657 279 9468 4139 13 220 20682 2624 18253 71592 264 10300 2624 9581 13 23024 279 5956 2315 321 13657 279 9468 4139 13 220 20682 2624 18253 71592 264 10300 2624 9581 13 23024 279 5956 2315 321 13657 279 9468 4139 13 220 20682 2624 18253 71592 264 10300 2624 9581 13 23024 279 5956 2315 321 13657 279 9468 4139 13 220 20682 2624 18253 71592 264 10300 2624 9581 13 23024 279 5956 2315 321 13657 279 9468 4139 13 220 20682 2624 18253 71592 264 10300 2624 9581 13 23024 279 5956 2315 321 13657 279 9468 4139 13 220 20682 2624 18253 71592 264 10300 2624 9581 13 23024 279 5956 2315 321 13657 279 9468 4139 13 220 20682 2624 18253 71592 264 10300 2624 9581 13 23024 279 5956 2315 321 13657 279 9468 4139 13 220 20682 2624 18253 71592 264 10300 2624 9581 13 23024 279 5956 2315 321 13657 279 9468 4139 13 220 20682 2624 18253 71592 264 10300 2624 9581 13 23024 279 5956 2315 321 13657 279 9468 4139 13 220 20682 2624 18253 71592 264 10300 2624 9581 13 23024 279 5956 2315 321 13657 279 9468 4139 13 220 20682 2624 18253 71592 264 10300 2624 9581 13 23024 279 5956 2315 321 13657 279 9468 4139 13 220 20682 2624 18253 71592 264 10300 2624 9581 13 23024 279 5956 2315 321 13657 279 9468 4139 13 220 20682 2624 18253 71592 264 10300 2624 9581 13 23024 279 5956 2315 321 13657 279 9468 4139 13 220 20682 2624 18253 71592 264 10300 2624 9581 13 23024 279 5956 2315 321 13657 279 9468 4139 13 220 20682 2624 18253 71592 264 10300 2624 9581 13 23024 279 5956 2315 321 13657 279 9468 4139 13 220 20682 2624 18253 71592 264 10300 2624 9581 13 23024 279 5956 2315 321 13657 279 9468 4139 13 220 20682 2624 18253 71592 264 10300 2624 9581 13 23024 279 5956 2315 321 13657 279 9468 4139 13 220 20682 2624 18253 71592 264 10300 2624 9581 13 23024 279 5956 2315 321 13657 279 9468 4139 13 220 20682 2624 18253 71592 264 10300 2624 9581 13 23024 279 5956 2315 321 13657 279 9468 4139 13 220 20682 2624 18253 71592 264 10300 2624 9581 13 23024 279 5956 2315 321 13657 279 9468 4139 13 220 20682 2624 18253 71592 264 10300 2624 9581 13 23024 279 5956 2315 321 13657 279 9468 4139 13 220 20682 2624 18253 71592 264 10300 2624 9581 13 23024 279 5956 2315 321 13657 279 9468 4139 13 220 20682 2624 18253 71592 264 10300 2624 9581 13 23024 279 5956 2315 321 13657 279 9468 4139 13 220 20682 2624 18253 71592 264 10300 2624 9581 13 23024 279 5956 2315 321 13657 279 9468 4139 13 220 20682 2624 18253 71592 264 10300 2624 9581 13 23024 279 5956 2315 321 13657 279 9468 4139 13 220 20682 2624 18253 71592 264 10300 2624 9581 13 23024 279 5956 2315 321 13657 279 9468 4139 13 220 20682 2624 18253 71592 264 10300 2624 9581 13 23024 279 5956 2315 321 13657 279 9468 4139 13 220 20682 2624 18253 71592 264 10300 2624 9581 13 23024 279 5956 2315 321 13657 279 9468 4139 13 220 20682 2624 18253 71592 264 10300 2624 9581 13 23024 279 5956 2315 321 13657 279 9468 4139 13 220 20682 2624 18253 71592 264 10300 2624 9581 13 23024 279 5956 2315 321 13657 279 9468 4139 13 220 20682 2624 18253 71592 264 10300 2624 9581 13 23024 279 5956 2315 321 13657 279 9468 4139 13 220 20682 2624 18253 71592 264 10300 2624 9581 13 23024 279 5956 2315 321 13657 279 9468 4139 13 220 20682 2624 18253 71592 264 10300 2624 9581 13 23024 279 5956 2315 321 13657 279 9468 4139 13 220 20682 2624 18253 71592 264 10300 2624 9581 13 23024 279 5956 2315 321 13657 279 9468 4139 13 220 20682 2624 18253 71592 264 10300 2624 9581 13 23024 279 5956 2315 321 13657 279 9468 4139 13 220 20682 2624 18253 71592 264 10300 2624 9581 13 23024 279 5956 2315 321 13657 279 9468 4139 13 220 20682 2624 18253 71592 264 10300 2624 9581 13 23024 279 5956 2315 321 13657 279 9468 4139 13 220 20682 2624 18253 71592 264 10300 2624 9581 13 23024 279 5956 2315 321 13657 279 9468 4139 13 220 20682 2624 18253 71592 264 10300 2624 9581 13 23024 279 5956 2315 321 13657 279 9468 4139 13 220 20682 2624 18253 71592 264 10300 2624 9581 13 23024 279 5956 2315 321 13657 279 9468 4139 13 220 20682 2624 18253 71592 264 10300 2624 9581 13 23024 279 5956 2315 321 13657 279 9468 4139 13 220 20682 2624 18253 71592 264 10300 2624 9581 13 23024 279 5956 2315 321 13657 279 9468 4139 13 220 20682 2624 18253 71592 264 10300 2624 9581 13 23024 279 5956 2315 321 13657 279 9468 4139 13 220 20682 2624 18253 71592 264 10300 2624 9581 13 23024 279 5956 2315 321 13657 279 9468 4139 13 220 20682 2624 18253 71592 264 10300 2624 9581 13 23024 279 5956 2315 321 13657 279 9468 4139 13 220 20682 2624 18253 71592 264 10300 2624 9581 13 23024 279 5956 2315 321 13657 279 9468 4139 13 220 20682 2624 18253 71592 264 10300 2624 9581 13 23024 279 5956 2315 321 13657 279 9468 4139 13 220 20682 2624 18253 71592 264 10300 2624 9581 13 23024 279 5956 2315 321 13657 279 9468 4139 13 220 20682 2624 18253 71592 264 10300 2624 9581 13 23024 279 5956 2315 321 13657 279 9468 4139 13 220 20682 2624 18253 71592 264 10300 2624 9581 13 23024 279 5956 2315 321 13657 279 9468 4139 13 220 20682 2624 18253 71592 264 10300 2624 9581 13 23024 279 5956 2315 321 13657 279 9468 4139 13 220 20682 2624 18253 71592 264 10300 2624 9581 13 23024 279 5956 2315 321 13657 279 9468 4139 13 220 20682 2624 18253 71592 264 10300 2624 9581 13 23024 279 5956 2315 321 13657 279 9468 4139 13 220 20682 2624 18253 71592 264 10300 2624 9581 13 23024 279 5956 2315 321 13657 279 9468 4139 13 220 20682 2624 18253 71592 264 10300 2624 9581 13 23024 279 5956 2315 321 13657 279 9468 4139 13 220 20682 2624 18253 71592 264 10300 2624 9581 13 23024 279 5956 2315 321 13657 279 9468 4139 13 220 20682 2624 18253 71592 264 10300 2624 9581 13 23024 279 5956 2315 321 13657 279 9468 4139 13 220 20682 2624 18253 71592 264 10300 2624 9581 13 23024 279 5956 2315 321 13657 279 9468 4139 13 220 20682 2624 18253 71592 264 10300 2624 9581 13 23024 279 5956 2315 321 13657 279 9468 4139 13 220 20682 2624 18253 71592 264 10300 2624 9581 13 23024 279 5956 2315 321 13657 279 9468 4139 13 220 20682 2624 18253 71592 264 10300 2624 9581 13 23024 279 5956 2315 321 13657 279 9468 4139 13 220 20682 2624 18253 71592 264 10300 2624 9581 13 23024 279 5956 2315 321 13657 279 9468 4139 13 220 20682 2624 18253 71592 264 10300 2624 9581 13 23024 279 5956 2315 321 13657 279 9468 4139 13 220 20682 2624 18253 71592 264 10300 2624 9581 13 23024 279 5956 2315 321 13657 279 9468 4139 13 220 20682 2624 18253 71592 264 10300 2624 9581 13 23024 279 5956 2315 321 13657 279 9468 4139 13 220 20682 2624 18253 71592 264 10300 2624 9581 13 23024 279 5956 2315 321 13657 279 9468 4139 13 220 20682 2624 18253 71592 264 10300 2624 9581 13 23024 279 5956 2315 321 13657 279 9468 4139 13 220 20682 2624 18253 71592 264 10300 2624 9581 13 23024 279 5956 2315 321 13657 279 9468 4139 13 220 20682 2624 18253 71592 264 10300 2624 9581 13 23024 279 5956 2315 321 13657 279 9468 4139 13 220 20682 2624 18253 71592 264 10300 2624 9581 13 23024 279 5956 2315 321 13657 279 9468 4139 13 220 20682 2624 18253 71592 264 10300 2624 9581 13 23024 279 5956 2315 321 13657 279 9468 4139 13 220 20682 2624 18253 71592 264 10300 2624 9581 13 23024 279 5956 2315 321 13657 279 9468 4139 13 220 20682 2624 18253 71592 264 10300 2624 9581 13 23024 279 5956 2315 321 13657 279 9468 4139 13 220 20682 2624 18253 71592 264 10300 2624 9581 13 23024 279 5956 2315 321 13657 279 9468 4139 13 220 20682 2624 18253 71592 264 10300 2624 9581 13 23024 279 5956 2315 321 13657 279 9468 4139 13 220 20682 2624 18253 71592 264 10300 2624 9581 13 23024 279 5956 2315 321 13657 279 9468 4139 13 220 20682 2624 18253 71592 264 10300 2624 9581 13 23024 279 5956 2315 321 13657 279 9468 4139 13 220 20682 2624 18253 71592 264 10300 2624 9581 13 23024 279 5956 2315 321 13657 279 9468 4139 13 220 20682 2624 18253 71592 264 10300 2624 9581 13 23024 279 5956 2315 321 13657 279 9468 4139 13 220 20682 2624 18253 71592 264 10300 2624 9581 13 23024 279 5956 2315 321 13657 279 9468 4139 13 220 20682 2624 18253 71592 264 10300 2624 9581 13 23024 279 5956 2315 321 13657 279 9468 4139 13 220 20682 2624 18253 71592 264 10300 2624 9581 13 23024 279 5956 2315 321 13657 279 9468 4139 13 220 20682 2624 18253 71592 264 10300 2624 9581 13 23024 279 5956 2315 321 13657 279 9468 4139 13 220 20682 2624 18253 71592 264 10300 2624 9581 13 23024 279 5956 2315 321 13657 279 9468 4139 13 220 20682 2624 18253 71592 264 10300 2624 9581 13 23024 279 5956 2315 321 13657 279 9468 4139 13 220 20682 2624 18253 71592 264 10300 2624 9581 13 23024 279 5956 2315 321 13657 279 9468 4139 13 220 20682 2624 18253 71592 264 10300 2624 9581 13 23024 279 5956 2315 321 13657 279 9468 4139 13 220 20682 2624 18253 71592 264 10300 2624 9581 13 23024 279 5956 2315 321 13657 279 9468 4139 13 220 20682 2624 18253 71592 264 10300 2624 9581 13 23024 279 5956 2315 321 13657 279 9468 4139 13 220 20682 2624 18253 71592 264 10300 2624 9581 13 23024 279 5956 2315 321 13657 279 9468 4139 13 220 20682 2624 18253 71592 264 10300 2624 9581 13 23024 279 5956 2315 321 13657 279 9468 4139 13 220 20682 2624 18253 71592 264 10300 2624 9581 13 23024 279 5956 2315 321 13657 279 9468 4139 13 220 20682 2624 18253 71592 264 10300 2624 9581 13 23024 279 5956 2315 321 13657 279 9468 4139 13 220 20682 2624 18253 71592 264 10300 2624 9581 13 23024 279 5956 2315 321 13657 279 9468 4139 13 220 20682 2624 18253 71592 264 10300 2624 9581 13 23024 279 5956 2315 321 13657 279 9468 4139 13 220 20682 2624 18253 71592 264 10300 2624 9581 13 23024 279 5956 2315 321 13657 279 9468 4139 13 220 20682 2624 18253 71592 264 10300 2624 9581 13 23024 279 5956 2315 321 13657 279 9468 4139 13 220 20682 2624 18253 71592 264 10300 2624 9581 13 23024 279 5956 2315 321 13657 279 9468 4139 13 220 20682 2624 18253 71592 264 10300 2624 9581 13 23024 279 5956 2315 321 13657 279 9468 4139 13 220 20682 2624 18253 71592 264 10300 2624 9581 13 23024 279 5956 2315 321 13657 279 9468 4139 13 220 20682 2624 18253 71592 264 10300 2624 9581 13 23024 279 5956 2315 321 13657 279 9468 4139 13 220 20682 2624 18253 71592 264 10300 2624 9581 13 23024 279 5956 2315 321 13657 279 9468 4139 13 220 20682 2624 18253 71592 264 10300 2624 9581 13 23024 279 5956 2315 321 13657 279 9468 4139 13 220 20682 2624 18253 71592 264 10300 2624 9581 13 23024 279 5956 2315 321 13657 279 9468 4139 13 220 20682 2624 18253 71592 264 10300 2624 9581 13 23024 279 5956 2315 321 13657 279 9468 4139 13 220 20682 2624 18253 71592 264 10300 2624 9581 13 23024 279 5956 2315 321 13657 279 9468 4139 13 220 20682 2624 18253 71592 264 10300 2624 9581 13 23024 279 5956 2315 321 13657 279 9468 4139 13 220 20682 2624 18253 71592 264 10300 2624 9581 13 23024 279 5956 2315 321 13657 279 9468 4139 13 220 20682 2624 18253 71592 264 10300 2624 9581 13 23024 279 5956 2315 321 13657 279 9468 4139 13 220 20682 2624 18253 71592 264 10300 2624 9581 13 23024 279 5956 2315 321 13657 279 9468 4139 13 220 20682 2624 18253 71592 264 10300 2624 9581 13 23024 279 5956 2315 321 13657 279 9468 4139 13 220 20682 2624 18253 71592 264 10300 2624 9581 13 23024 279 5956 2315 321 13657 279 9468 4139 13 220 20682 2624 18253 71592 264 10300 2624 9581 13 23024 279 5956 2315 321 13657 279 9468 4139 13 220 20682 2624 18253 71592 264 10300 2624 9581 13 23024 279 5956 2315 321 13657 279 9468 4139 13 220 20682 2624 18253 71592 264 10300 2624 9581 13 23024 279 5956 2315 321 13657 279 9468 4139 13 220 20682 2624 18253 71592 264 10300 2624 9581 13 23024 279 5956 2315 321 13657 279 9468 4139 13 220 20682 2624 18253 71592 264 10300 2624 9581 13 23024 279 5956 2315 321 13657 279 9468 4139 13 220 20682 2624 18253 71592 264 10300 2624 9581 13 23024 279 5956 2315 321 13657 279 9468 4139 13 220 20682 2624 18253 71592 264 10300 2624 9581 13 23024 279 5956 2315 321 13657 279 9468 4139 13 220 20682 2624 18253 71592 264 10300 2624 9581 13 23024 279 5956 2315 321 13657 279 9468 4139 13 220 20682 2624 18253 71592 264 10300 2624 9581 13 23024 279 5956 2315 321 13657 279 9468 4139 13 220 20682 2624 18253 71592 264 10300 2624 9581 13 23024 279 5956 2315 321 13657 279 9468 4139 13 220 20682 2624 18253 71592 264 10300 2624 9581 13 23024 279 5956 2315 321 13657 279 9468 4139 13 220 20682 2624 18253 71592 264 10300 2624 9581 13 23024 279 5956 2315 321 13657 279 9468 4139 13 220 20682 2624 18253 71592 264 10300 2624 9581 13 23024 279 5956 2315 321 13657 279 9468 4139 13 220 20682 2624 18253 71592 264 10300 2624 9581 13 23024 279 5956 2315 321 13657 279 9468 4139 13 220 20682 2624 18253 71592 264 10300 2624 9581 13 23024 279 5956 2315 321 13657 279 9468 4139 13 220 20682 2624 18253 71592 264 10300 2624 9581 13 23024 279 5956 2315 321 13657 279 9468 4139 13 220 20682 2624 18253 71592 264 10300 2624 9581 13 23024 279 5956 2315 321 13657 279 9468 4139 13 220 20682 2624 18253 71592 264 10300 2624 9581 13 23024 279 5956 2315 321 13657 279 9468 4139 13 220 20682 2624 18253 71592 264 10300 2624 9581 13 23024 279 5956 2315 321 13657 279 9468 4139 13 220 20682 2624 18253 71592 264 10300 2624 9581 13 23024 279 5956 2315 321 13657 279 9468 4139 13 220 20682 2624 18253 71592 264 10300 2624 9581 13 23024 279 5956 2315 321 13657 279 9468 4139 13 220 20682 2624 18253 71592 264 10300 2624 9581 13 23024 279 5956 2315 321 13657 279 9468 4139 13 220 20682 2624 18253 71592 264 10300 2624 9581 13 23024 279 5956 2315 321 13657 279 9468 4139 13 220 20682 2624 18253 71592 264 10300 2624 9581 13 23024 279 5956 2315 321 13657 279 9468 4139 13 220 20682 2624 18253 71592 264 10300 2624 9581 13 23024 279 5956 2315 321 13657 279 9468 4139 13 220 20682 2624 18253 71592 264 10300 2624 9581 13 23024 279 5956 2315 321 13657 279 9468 4139 13 220 20682 2624 18253 71592 264 10300 2624 9581 13 23024 279 5956 2315 321 13657 279 9468 4139 13 220 20682 2624 18253 71592 264 10300 2624 9581 13 23024 279 5956 2315 321 13657 279 9468 4139 13 220 20682 2624 18253 71592 264 10300 2624 9581 13 23024 279 5956 2315 321 13657 279 9468 4139 13 220 20682 2624 18253 71592 264 10300 2624 9581 13 23024 279 5956 2315 321 13657 279 9468 4139 13 220 20682 2624 18253 71592 264 10300 2624 9581 13 23024 279 5956 2315 321 13657 279 9468 4139 13 220 20682 2624 18253 71592 264 10300 2624 9581 13 23024 279 5956 2315 321 13657 279 9468 4139 13 220 20682 2624 18253 71592 264 10300 2624 9581 13 23024 279 5956 2315 321 13657 279 9468 4139 13 220 20682 2624 18253 71592 264 10300 2624 9581 13 23024 279 5956 2315 321 13657 279 9468 4139 13 220 20682 2624 18253 71592 264 10300 2624 9581 13 23024 279 5956 2315 321 13657 279 9468 4139 13 220 20682 2624 18253 71592 264 10300 2624 9581 13 23024 279 5956 2315 321 13657 279 9468 4139 13 220 20682 2624 18253 71592 264 10300 2624 9581 13 23024 279 5956 2315 321 13657 279 9468 4139 13 220 20682 2624 18253 71592 264 10300 2624 9581 13 23024 279 5956 2315 321 13657 279 9468 4139 13 220 20682 2624 18253 71592 264 10300 2624 9581 13 23024 279 5956 2315 321 13657 279 9468 4139 13 220 20682 2624 18253 71592 264 10300 2624 9581 13 23024 279 5956 2315 321 13657 279 9468 4139 13 220 20682 2624 18253 71592 264 10300 2624 9581 13 23024 279 5956 2315 321 13657 279 9468 4139 13 220 20682 2624 18253 71592 264 10300 2624 9581 13 23024 279 5956 2315 321 13657 279 9468 4139 13 220 20682 2624 18253 71592 264 10300 2624 9581 13 23024 279 5956 2315 321 13657 279 9468 4139 13 220 20682 2624 18253 71592 264 10300 2624 9581 13 23024 279 5956 2315 321 13657 279 9468 4139 13 220 20682 2624 18253 71592 264 10300 2624 9581 13 23024 279 5956 2315 321 13657 279 9468 4139 13 220 20682 2624 18253 71592 264 10300 2624 9581 13 23024 279 5956 2315 321 13657 279 9468 4139 13 220 20682 2624 18253 71592 264 10300 2624 9581 13 23024 279 5956 2315 321 13657 279 9468 4139 13 220 20682 2624 18253 71592 264 10300 2624 9581 13 23024 279 5956 2315 321 13657 279 9468 4139 13 220 20682 2624 18253 71592 264 10300 2624 9581 13 23024 279 5956 2315 321 13657 279 9468 4139 13 220 20682 2624 18253 71592 264 10300 2624 9581 13 23024 279 5956 2315 321 13657 279 9468 4139 13 220 20682 2624 18253 71592 264 10300 2624 9581 13 23024 279 5956 2315 321 13657 279 9468 4139 13 220 20682 2624 18253 71592 264 10300 2624 9581 13 23024 279 5956 2315 321 13657 279 9468 4139 13 220 20682 2624 18253 71592 264 10300 2624 9581 13 23024 279 5956 2315 321 13657 279 9468 4139 13 220 20682 2624 18253 71592 264 10300 2624 9581 13 23024 279 5956 2315 321 13657 279 9468 4139 13 220 20682 2624 18253 71592 264 10300 2624 9581 13 23024 279 5956 2315 321 13657 279 9468 4139 13 220 20682 2624 18253 71592 264 10300 2624 9581 13 23024 279 5956 2315 321 13657 279 9468 4139 13 220 20682 2624 18253 71592 264 10300 2624 9581 13 23024 279 5956 2315 321 13657 279 9468 4139 13 220 20682 2624 18253 71592 264 10300 2624 9581 13 23024 279 5956 2315 321 13657 279 9468 4139 13 220 20682 2624 18253 71592 264 10300 2624 9581 13 23024 279 5956 2315 321 13657 279 9468 4139 13 220 20682 2624 18253 71592 264 10300 2624 9581 13 23024 279 5956 2315 321 13657 279 9468 4139 13 220 20682 2624 18253 71592 264 10300 2624 9581 13 23024 279 5956 2315 321 13657 279 9468 4139 13 220 20682 2624 18253 71592 264 10300 2624 9581 13 23024 279 5956 2315 321 13657 279 9468 4139 13 220 20682 2624 18253 71592 264 10300 2624 9581 13 23024 279 5956 2315 321 13657 279 9468 4139 13 220 20682 2624 18253 71592 264 10300 2624 9581 13 23024 279 5956 2315 321 13657 279 9468 4139 13 220 20682 2624 18253 71592 264 10300 2624 9581 13 23024 279 5956 2315 321 13657 279 9468 4139 13 220 20682 2624 18253 71592 264 10300 2624 9581 13 23024 279 5956 2315 321 13657 279 9468 4139 13 220 20682 2624 18253 71592 264 10300 2624 9581 13 23024 279 5956 2315 321 13657 279 9468 4139 13 220 20682 2624 18253 71592 264 10300 2624 9581 13 23024 279 5956 2315 321 13657 279 9468 4139 13 220 20682 2624 18253 71592 264 10300 2624 9581 13 23024 279 5956 2315 321 13657 279 9468 4139 13 220 20682 2624 18253 71592 264 10300 2624 9581 13 23024 279 5956 2315 321 13657 279 9468 4139 13 220 20682 2624 18253 71592 264 10300 2624 9581 13 23024 279 5956 2315 321 13657 279 9468 4139 13 220 20682 2624 18253 71592 264 10300 2624 9581 13 23024 279 5956 2315 321 13657 279 9468 4139 13 220 20682 2624 18253 71592 264 10300 2624 9581 13 23024 279 5956 2315 321 13657 279 9468 4139 13 220 20682 2624 18253 71592 264 10300 2624 9581 13 23024 279 5956 2315 321 13657 279 9468 4139 13 220 20682 2624 18253 71592 264 10300 2624 9581 13 23024 279 5956 2315 321 13657 279 9468 4139 13 220 20682 2624 18253 71592 264 10300 2624 9581 13 23024 279 5956 2315 321 13657 279 9468 4139 13 220 20682 2624 18253 71592 264 10300 2624 9581 13 23024 279 5956 2315 321 13657 279 9468 4139 13 220 20682 2624 18253 71592 264 10300 2624 9581 13 23024 279 5956 2315 321 13657 279 9468 4139 13 220 20682 2624 18253 71592 264 10300 2624 9581 13 23024 279 5956 2315 321 13657 279 9468 4139 13 220 20682 2624 18253 71592 264 10300 2624 9581 13 23024 279 5956 2315 321 13657 279 9468 4139 13 220 20682 2624 18253 71592 264 10300 2624 9581 13 23024 279 5956 2315 321 13657 279 9468 4139 13 220 20682 2624 18253 71592 264 10300 2624 9581 13 23024 279 5956 2315 321 13657 279 9468 4139 13 220 20682 2624 18253 71592 264 10300 2624 9581 13 23024 279 5956 2315 321 13657 279 9468 4139 13 220 20682 2624 18253 71592 264 10300 2624 9581 13 23024 279 5956 2315 321 13657 279 9468 4139 13 220 20682 2624 18253 71592 264 10300 2624 9581 13 23024 279 5956 2315 321 13657 279 9468 4139 13 220 20682 2624 18253 71592 264 10300 2624 9581 13 23024 279 5956 2315 321 13657 279 9468 4139 13 220 20682 2624 18253 71592 264 10300 2624 9581 13 23024 279 5956 2315 321 13657 279 9468 4139 13 220 20682 2624 18253 71592 264 10300 2624 9581 13 23024 279 5956 2315 321 13657 279 9468 4139 13 220 20682 2624 18253 71592 264 10300 2624 9581 13 23024 279 5956 2315 321 13657 279 9468 4139 13 220 20682 2624 18253 71592 264 10300 2624 9581 13 23024 279 5956 2315 321 13657 279 9468 4139 13 220 20682 2624 18253 71592 264 10300 2624 9581 13 23024 279 5956 2315 321 13657 279 9468 4139 13 220 20682 2624 18253 71592 264 10300 2624 9581 13 23024 279 5956 2315 321 13657 279 9468 4139 13 220 20682 2624 18253 71592 264 10300 2624 9581 13 23024 279 5956 2315 321 13657 279 9468 4139 13 220 20682 2624 18253 71592 264 10300 2624 9581 13 23024 279 5956 2315 321 13657 279 9468 4139 13 220 20682 2624 18253 71592 264 10300 2624 9581 13 23024 279 5956 2315 321 13657 279 9468 4139 13 220 20682 2624 18253 71592 264 10300 2624 9581 13 23024 279 5956 2315 321 13657 279 9468 4139 13 220 20682 2624 18253 71592 264 10300 2624 9581 13 23024 279 5956 2315 321 13657 279 9468 4139 13 220 20682 2624 18253 71592 264 10300 2624 9581 13 23024 279 5956 2315 321 13657 279 9468 4139 13 220 20682 2624 18253 71592 264 10300 2624 9581 13 23024 279 5956 2315 321 13657 279 9468 4139 13 220 20682 2624 18253 71592 264 10300 2624 9581 13 23024 279 5956 2315 321 13657 279 9468 4139 13 220 20682 2624 18253 71592 264 10300 2624 9581 13 23024 279 5956 2315 321 13657 279 9468 4139 13 220 20682 2624 18253 71592 264 10300 2624 9581 13 23024 279 5956 2315 321 13657 279 9468 4139 13 220 20682 2624 18253 71592 264 10300 2624 9581 13 23024 279 5956 2315 321 13657 279 9468 4139 13 220 20682 2624 18253 71592 264 10300 2624 9581 13 23024 279 5956 2315 321 13657 279 9468 4139 13 220 20682 2624 18253 71592 264 10300 2624 9581 13 23024 279 5956 2315 321 13657 279 9468 4139 13 220 20682 2624 18253 71592 264 10300 2624 9581 13 23024 279 5956 2315 321 13657 279 9468 4139 13 220 20682 2624 18253 71592 264 10300 2624 9581 13 23024 279 5956 2315 321 13657 279 9468 4139 13 220 20682 2624 18253 71592 264 10300 2624 9581 13 23024 279 5956 2315 321 13657 279 9468 4139 13 220 20682 2624 18253 71592 264 10300 2624 9581 13 23024 279 5956 2315 321 13657 279 9468 4139 13 220 20682 2624 18253 71592 264 10300 2624 9581 13 23024 279 5956 2315 321 13657 279 9468 4139 13 220 20682 2624 18253 71592 264 10300 2624 9581 13 23024 279 5956 2315 321 13657 279 9468 4139 13 220 20682 2624 18253 71592 264 10300 2624 9581 13 23024 279 5956 2315 321 13657 279 9468 4139 13 220 20682 2624 18253 71592 264 10300 2624 9581 13 23024 279 5956 2315 321 13657 279 9468 4139 13 220 20682 2624 18253 71592 264 10300 2624 9581 13 23024 279 5956 2315 321 13657 279 9468 4139 13 220 20682 2624 18253 71592 264 10300 2624 9581 13 23024 279 5956 2315 321 13657 279 9468 4139 13 220 20682 2624 18253 71592 264 10300 2624 9581 13 23024 279 5956 2315 321 13657 279 9468 4139 13 220 20682 2624 18253 71592 264 10300 2624 9581 13 23024 279 5956 2315 321 13657 279 9468 4139 13 220 20682 2624 18253 71592 264 10300 2624 9581 13 23024 279 5956 2315 321 13657 279 9468 4139 13 220 20682 2624 18253 71592 264 10300 2624 9581 13 23024 279 5956 2315 321 13657 279 9468 4139 13 220 20682 2624 18253 71592 264 10300 2624 9581 13 23024 279 5956 2315 321 13657 279 9468 4139 13 220 20682 2624 18253 71592 264 10300 2624 9581 13 23024 279 5956 2315 321 13657 279 9468 4139 13 220 20682 2624 18253 71592 264 10300 2624 9581 13 23024 279 5956 2315 321 13657 279 9468 4139 13 220 20682 2624 18253 71592 264 10300 2624 9581 13 23024 279 5956 2315 321 13657 279 9468 4139 13 220 20682 2624 18253 71592 264 10300 2624 9581 13 23024 279 5956 2315 321 13657 279 9468 4139 13 220 20682 2624 18253 71592 264 10300 2624 9581 13 23024 279 5956 2315 321 13657 279 9468 4139 13 220 20682 2624 18253 71592 264 10300 2624 9581 13 23024 279 5956 2315 321 13657 279 9468 4139 13 220 20682 2624 18253 71592 264 10300 2624 9581 13 23024 279 5956 2315 321 13657 279 9468 4139 13 220 20682 2624 18253 71592 264 10300 2624 9581 13 23024 279 5956 2315 321 13657 279 9468 4139 13 220 20682 2624 18253 71592 264 10300 2624 9581 13 23024 279 5956 2315 321 13657 279 9468 4139 13 220 20682 2624 18253 71592 264 10300 2624 9581 13 23024 279 5956 2315 321 13657 279 9468 4139 13 220 20682 2624 18253 71592 264 10300 2624 9581 13 23024 279 5956 2315 321 13657 279 9468 4139 13 220 20682 2624 18253 71592 264 10300 2624 9581 13 23024 279 5956 2315 321 13657 279 9468 4139 13 220 20682 2624 18253 71592 264 10300 2624 9581 13 23024 279 5956 2315 321 13657 279 9468 4139 13 220 20682 2624 18253 71592 264 10300 2624 9581 13 23024 279 5956 2315 321 13657 279 9468 4139 13 220 20682 2624 18253 71592 264 10300 2624 9581 13 23024 279 5956 2315 321 13657 279 9468 4139 13 220 20682 2624 18253 71592 264 10300 2624 9581 13 23024 279 5956 2315 321 13657 279 9468 4139 13 220 20682 2624 18253 71592 264 10300 2624 9581 13 23024 279 5956 2315 321 13657 279 9468 4139 13 220 20682 2624 18253 71592 264 10300 2624 9581 13 23024 279 5956 2315 321 13657 279 9468 4139 13 220 20682 2624 18253 71592 264 10300 2624 9581 13 23024 279 5956 2315 321 13657 279 9468 4139 13 220 20682 2624 18253 71592 264 10300 2624 9581 13 23024 279 5956 2315 321 13657 279 9468 4139 13 220 20682 2624 18253 71592 264 10300 2624 9581 13 23024 279 5956 2315 321 13657 279 9468 4139 13 220 20682 2624 18253 71592 264 10300 2624 9581 13 23024 279 5956 2315 321 13657 279 9468 4139 13 220 20682 2624 18253 71592 264 10300 2624 9581 13 23024 279 5956 2315 321 13657 279 9468 4139 13 220 20682 2624 18253 71592 264 10300 2624 9581 13 23024 279 5956 2315 321 13657 279 9468 4139 13 220 20682 2624 18253 71592 264 10300 2624 9581 13 23024 279 5956 2315 321 13657 279 9468 4139 13 220 20682 2624 18253 71592 264 10300 2624 9581 13 23024 279 5956 2315 321 13657 279 9468 4139 13 220 20682 2624 18253 71592 264 10300 2624 9581 13 23024 279 5956 2315 321 13657 279 9468 4139 13 220 20682 2624 18253 71592 264 10300 2624 9581 13 23024 279 5956 2315 321 13657 279 9468 4139 13 220 20682 2624 18253 71592 264 10300 2624 9581 13 23024 279 5956 2315 321 13657 279 9468 4139 13 220 20682 2624 18253 71592 264 10300 2624 9581 13 23024 279 5956 2315 321 13657 279 9468 4139 13 220 20682 2624 18253 71592 264 10300 2624 9581 13 23024 279 5956 2315 321 13657 279 9468 4139 13 220 20682 2624 18253 71592 264 10300 2624 9581 13 23024 279 5956 2315 321 13657 279 9468 4139 13 220 20682 2624 18253 71592 264 10300 2624 9581 13 23024 279 5956 2315 321 13657 279 9468 4139 13 220 20682 2624 18253 71592 264 10300 2624 9581 13 23024 279 5956 2315 321 13657 279 9468 4139 13 220 20682 2624 18253 71592 264 10300 2624 9581 13 23024 279 5956 2315 321 13657 279 9468 4139 13 220 20682 2624 18253 71592 264 10300 2624 9581 13 23024 279 5956 2315 321 13657 279 9468 4139 13 220 20682 2624 18253 71592 264 10300 2624 9581 13 23024 279 5956 2315 321 13657 279 9468 4139 13 220 20682 2624 18253 71592 264 10300 2624 9581 13 23024 279 5956 2315 321 13657 279 9468 4139 13 220 20682 2624 18253 71592 264 10300 2624 9581 13 23024 279 5956 2315 321 13657 279 9468 4139 13 220 20682 2624 18253 71592 264 10300 2624 9581 13 23024 279 5956 2315 321 13657 279 9468 4139 13 220 20682 2624 18253 71592 264 10300 2624 9581 13 23024 279 5956 2315 321 13657 279 9468 4139 13 220 20682 2624 18253 71592 264 10300 2624 9581 13 23024 279 5956 2315 321 13657 279 9468 4139 13 220 20682 2624 18253 71592 264 10300 2624 9581 13 23024 279 5956 2315 321 13657 279 9468 4139 13 220 20682 2624 18253 71592 264 10300 2624 9581 13 23024 279 5956 2315 321 13657 279 9468 4139 13 220 20682 2624 18253 71592 264 10300 2624 9581 13 23024 279 5956 2315 321 13657 279 9468 4139 13 220 20682 2624 18253 71592 264 10300 2624 9581 13 23024 279 5956 2315 321 13657 279 9468 4139 13 220 20682 2624 18253 71592 264 10300 2624 9581 13 23024 279 5956 2315 321 13657 279 9468 4139 13 220 20682 2624 18253 71592 264 10300 2624 9581 13 23024 279 5956 2315 321 13657 279 9468 4139 13 220 20682 2624 18253 71592 264 10300 2624 9581 13 23024 279 5956 2315 321 13657 279 9468 4139 13 220 20682 2624 18253 71592 264 10300 2624 9581 13 23024 279 5956 2315 321 13657 279 9468 4139 13 220 20682 2624 18253 71592 264 10300 2624 9581 13 23024 279 5956 2315 321 13657 279 9468 4139 13 220 20682 2624 18253 71592 264 10300 2624 9581 13 23024 279 5956 2315 321 13657 279 9468 4139 13 220 20682 2624 18253 71592 264 10300 2624 9581 13 23024 279 5956 2315 321 13657 279 9468 4139 13 220 20682 2624 18253 71592 264 10300 2624 9581 13 23024 279 5956 2315 321 13657 279 9468 4139 13 220 20682 2624 18253 71592 264 10300 2624 9581 13 23024 279 5956 2315 321 13657 279 9468 4139 13 220 20682 2624 18253 71592 264 10300 2624 9581 13 23024 279 5956 2315 321 13657 279 9468 4139 13 220 20682 2624 18253 71592 264 10300 2624 9581 13 23024 279 5956 2315 321 13657 279 9468 4139 13 220 20682 2624 18253 71592 264 10300 2624 9581 13 23024 279 5956 2315 321 13657 279 9468 4139 13 220 20682 2624 18253 71592 264 10300 2624 9581 13 23024 279 5956 2315 321 13657 279 9468 4139 13 220 20682 2624 18253 71592 264 10300 2624 9581 13 23024 279 5956 2315 321 13657 279 9468 4139 13 220 20682 2624 18253 71592 264 10300 2624 9581 13 23024 279 5956 2315 321 13657 279 9468 4139 13 220 20682 2624 18253 71592 264 10300 2624 9581 13 23024 279 5956 2315 321 13657 279 9468 4139 13 220 20682 2624 18253 71592 264 10300 2624 9581 13 23024 279 5956 2315 321 13657 279 9468 4139 13 220 20682 2624 18253 71592 264 10300 2624 9581 13 23024 279 5956 2315 321 13657 279 9468 4139 13 220 20682 2624 18253 71592 264 10300 2624 9581 13 23024 279 5956 2315 321 13657 279 9468 4139 13 220 20682 2624 18253 71592 264 10300 2624 9581 13 23024 279 5956 2315 321 13657 279 9468 4139 13 220 20682 2624 18253 71592 264 10300 2624 9581 13 23024 279 5956 2315 321 13657 279 9468 4139 13 220 20682 2624 18253 71592 264 10300 2624 9581 13 23024 279 5956 2315 321 13657 279 9468 4139 13 220 20682 2624 18253 71592 264 10300 2624 9581 13 23024 279 5956 2315 321 13657 279 9468 4139 13 220 20682 2624 18253 71592 264 10300 2624 9581 13 23024 279 5956 2315 321 13657 279 9468 4139 13 220 20682 2624 18253 71592 264 10300 2624 9581 13 23024 279 5956 2315 321 13657 279 9468 4139 13 220 20682 2624 18253 71592 264 10300 2624 9581 13 23024 279 5956 2315 321 13657 279 9468 4139 13 220 20682 2624 18253 71592 264 10300 2624 9581 13 23024 279 5956 2315 321 13657 279 9468 4139 13 220 20682 2624 18253 71592 264 10300 2624 9581 13 23024 279 5956 2315 321 13657 279 9468 4139 13 220 20682 2624 18253 71592 264 10300 2624 9581 13 23024 279 5956 2315 321 13657 279 9468 4139 13 220 20682 2624 18253 71592 264 10300 2624 9581 13 23024 279 5956 2315 321 13657 279 9468 4139 13 220 20682 2624 18253 71592 264 10300 2624 9581 13 23024 279 5956 2315 321 13657 279 9468 4139 13 220 20682 2624 18253 71592 264 10300 2624 9581 13 23024 279 5956 2315 321 13657 279 9468 4139 13 220 20682 2624 18253 71592 264 10300 2624 9581 13 23024 279 5956 2315 321 13657 279 9468 4139 13 220 20682 2624 18253 71592 264 10300 2624 9581 13 23024 279 5956 2315 321 13657 279 9468 4139 13 220 20682 2624 18253 71592 264 10300 2624 9581 13 23024 279 5956 2315 321 13657 279 9468 4139 13 220 20682 2624 18253 71592 264 10300 2624 9581 13 23024 279 5956 2315 321 13657 279 9468 4139 13 220 20682 2624 18253 71592 264 10300 2624 9581 13 23024 279 5956 2315 321 13657 279 9468 4139 13 220 20682 2624 18253 71592 264 10300 2624 9581 13 23024 279 5956 2315 321 13657 279 9468 4139 13 220 20682 2624 18253 71592 264 10300 2624 9581 13 23024 279 5956 2315 321 13657 279 9468 4139 13 220 20682 2624 18253 71592 264 10300 2624 9581 13 23024 279 5956 2315 321 13657 279 9468 4139 13 220 20682 2624 18253 71592 264 10300 2624 9581 13 23024 279 5956 2315 321 13657 279 9468 4139 13 220 20682 2624 18253 71592 264 10300 2624 9581 13 23024 279 5956 2315 321 13657 279 9468 4139 13 220 20682 2624 18253 71592 264 10300 2624 9581 13 23024 279 5956 2315 321 13657 279 9468 4139 13 220 20682 2624 18253 71592 264 10300 2624 9581 13 23024 279 5956 2315 321 13657 279 9468 4139 13 220 20682 2624 18253 71592 264 10300 2624 9581 13 23024 279 5956 2315 321 13657 279 9468 4139 13 220 20682 2624 18253 71592 264 10300 2624 9581 13 23024 279 5956 2315 321 13657 279 9468 4139 13 220 20682 2624 18253 71592 264 10300 2624 9581 13 23024 279 5956 2315 321 13657 279 9468 4139 13 220 20682 2624 18253 71592 264 10300 2624 9581 13 23024 279 5956 2315 321 13657 279 9468 4139 13 220 20682 2624 18253 71592 264 10300 2624 9581 13 23024 279 5956 2315 321 13657 279 9468 4139 198 8917 5437 537 411 1414 303 7472 13 248046 198 248045 74455 198 248068 271 248069 271
output  : 27775 383 279 1414 3766 11 1532 369 264 11346 11782 25 271 332 5218 33214 332 198 760 1414 22518 16067 279 15346 16456 314 279 2972 20682 7304 11767 159034 271 332 1536 86223 38540 332 198 16 13 220 2972 4551 8783 92217 561 11767 25224 383 264 2972 27379 332 2624 9581 318 269 1287 553 198 17 13 220 2972 7188 92217 1049 18253 2972 11527 2266 332 279 2624 9581 13 198 18 13 220 2972 32376 92217 733 1754 18971 11 279 11767 41054 279 2100 869 440 279 2972 19055 2315 332 314 279 1428 9581 13 198 19 13 220 2972 72298 92217 19592 383 279 11960 11 424 2972 2054 1674 279 9468 4139 332 314 279 9581
decode                   128 tokens in 2866.2 ms  ->  44.66 tok/s
prefill                  8198 tokens in 4079.8 ms  ->  2009.43 tok/s  (time to first token 14412.1 ms)
  per token              22.392 ms/token (WALL CLOCK: embed, layers, head, sample)
  ple io: 133584 rows, 0.2% row-cache hits, 2838 SSD reads (12.0 MB), read p50 1093 us p99 126104 us, blocked 338.072 ms total (submit 1.424 ms), cache 2824/1048576 rows, SSD kept awake by 38 reads (slowest 44.0 ms)
  the CPU expert pool    2.237 ms/token over 48 layers (51 positions, 2448 dispatches)
  pool phases              wait-park 0.000  drain 0.000  re-park 0.000  ms/token
  expert blobs           53585 blobs read
  R4 overlap             0 of 0 layers the hit work was DONE when the pool returned
  R4 expert-cache hits   39176 of 39176 = 1.0000      (0 admitted, 0 refused, cache 100.0000% full)
