speculation              51 rounds of 3, drafts accepted 77 of 100 (0.770), 2.51 tokens per round
accepted per round       0:8 1:9 2:34
verify window            wait for rings 40.169  pool 3.261  host 1.420  commit 0.013 ms/round; CPU experts 0.00 distinct / 0.00 routed per layer
pool multi               gate/up 0.000  quantize 0.000  down 0.000 ms/round; 0.0 GB/s over the rows phases; CPU pool call 1.839 ms/round
dispatch                 plan 1.823  activation quantize 0.001  jobs 0.007  run 0.001 ms/round
adaptive tier            1152 experts swapped into the VRAM tier (every 4 rounds, 0.445 ms/round)
resident RAM             63.28 GiB of experts in RAM, 0 exchanged with the VRAM tier, 0 blob reads from the file
expert tiers             decode: RAM 23095 blobs, files 0 blobs, 0.0 MB read from the files (0.00 MB/round, 0.0 ms/round of reading, 0.00 GB/s per reading thread); prompt copies 0.0 MB
pcie experts             8.96 distinct experts per layer read over PCIe (share 256/256 of the misses)
mtp                      2.458 ms/round drafting (50 rounds), MTP prompt 232.9 ms, 2620 MiB of VRAM
prompt  : 248045 846 198 20682 2624 18253 71592 264 10300 2624 9581 13 23024 279 5956 2315 321 13657 279 9468 4139 13 220 20682 2624 18253 71592 264 10300 2624 9581 13 23024 279 5956 2315 321 13657 279 9468 4139 13 220 20682 2624 18253 71592 264 10300 2624 9581 13 23024 279 5956 2315 321 13657 279 9468 4139 13 220 20682 2624 18253 71592 264 10300 2624 9581 13 23024 279 5956 2315 321 13657 279 9468 4139 13 220 20682 2624 18253 71592 264 10300 2624 9581 13 23024 279 5956 2315 321 13657 279 9468 4139 13 220 20682 2624 18253 71592 264 10300 2624 9581 13 23024 279 5956 2315 321 13657 279 9468 4139 13 220 20682 2624 18253 71592 264 10300 2624 9581 13 23024 279 5956 2315 321 13657 279 9468 4139 13 220 20682 2624 18253 71592 264 10300 2624 9581 13 23024 279 5956 2315 321 13657 279 9468 4139 13 220 20682 2624 18253 71592 264 10300 2624 9581 13 23024 279 5956 2315 321 13657 279 9468 4139 13 220 20682 2624 18253 71592 264 10300 2624 9581 13 23024 279 5956 2315 321 13657 279 9468 4139 13 220 20682 2624 18253 71592 264 10300 2624 9581 13 23024 279 5956 2315 321 13657 279 9468 4139 13 220 20682 2624 18253 71592 264 10300 2624 9581 13 23024 279 5956 2315 321 13657 279 9468 4139 13 220 20682 2624 18253 71592 264 10300 2624 9581 13 23024 279 5956 2315 321 13657 279 9468 4139 13 220 20682 2624 18253 71592 264 10300 2624 9581 13 23024 279 5956 2315 321 13657 279 9468 4139 13 220 20682 2624 18253 71592 264 10300 2624 9581 13 23024 279 5956 2315 321 13657 279 9468 4139 13 220 20682 2624 18253 71592 264 10300 2624 9581 13 23024 279 5956 2315 321 13657 279 9468 4139 13 220 20682 2624 18253 71592 264 10300 2624 9581 13 23024 279 5956 2315 321 13657 279 9468 4139 13 220 20682 2624 18253 71592 264 10300 2624 9581 13 23024 279 5956 2315 321 13657 279 9468 4139 13 220 20682 2624 18253 71592 264 10300 2624 9581 13 23024 279 5956 2315 321 13657 279 9468 4139 13 220 20682 2624 18253 71592 264 10300 2624 9581 13 23024 279 5956 2315 321 13657 279 9468 4139 13 220 20682 2624 18253 71592 264 10300 2624 9581 13 23024 279 5956 2315 321 13657 279 9468 4139 13 220 20682 2624 18253 71592 264 10300 2624 9581 13 23024 279 5956 2315 321 13657 279 9468 4139 13 220 20682 2624 18253 71592 264 10300 2624 9581 13 23024 279 5956 2315 321 13657 279 9468 4139 13 220 20682 2624 18253 71592 264 10300 2624 9581 13 23024 279 5956 2315 321 13657 279 9468 4139 13 220 20682 2624 18253 71592 264 10300 2624 9581 13 23024 279 5956 2315 321 13657 279 9468 4139 13 220 20682 2624 18253 71592 264 10300 2624 9581 13 23024 279 5956 2315 321 13657 279 9468 4139 13 220 20682 2624 18253 71592 264 10300 2624 9581 13 23024 279 5956 2315 321 13657 279 9468 4139 13 220 20682 2624 18253 71592 264 10300 2624 9581 13 23024 279 5956 2315 321 13657 279 9468 4139 13 220 20682 2624 18253 71592 264 10300 2624 9581 13 23024 279 5956 2315 321 13657 279 9468 4139 13 220 20682 2624 18253 71592 264 10300 2624 9581 13 23024 279 5956 2315 321 13657 279 9468 4139 13 220 20682 2624 18253 71592 264 10300 2624 9581 13 23024 279 5956 2315 321 13657 279 9468 4139 13 220 20682 2624 18253 71592 264 10300 2624 9581 13 23024 279 5956 2315 321 13657 279 9468 4139 13 220 20682 2624 18253 71592 264 10300 2624 9581 13 23024 279 5956 2315 321 13657 279 9468 4139 13 220 20682 2624 18253 71592 264 10300 2624 9581 13 23024 279 5956 2315 321 13657 279 9468 4139 13 220 20682 2624 18253 71592 264 10300 2624 9581 13 23024 279 5956 2315 321 13657 279 9468 4139 13 220 20682 2624 18253 71592 264 10300 2624 9581 13 23024 279 5956 2315 321 13657 279 9468 4139 13 220 20682 2624 18253 71592 264 10300 2624 9581 13 23024 279 5956 2315 321 13657 279 9468 4139 13 220 20682 2624 18253 71592 264 10300 2624 9581 13 23024 279 5956 2315 321 13657 279 9468 4139 13 220 20682 2624 18253 71592 264 10300 2624 9581 13 23024 279 5956 2315 321 13657 279 9468 4139 13 220 20682 2624 18253 71592 264 10300 2624 9581 13 23024 279 5956 2315 321 13657 279 9468 4139 13 220 20682 2624 18253 71592 264 10300 2624 9581 13 23024 279 5956 2315 321 13657 279 9468 4139 13 220 20682 2624 18253 71592 264 10300 2624 9581 13 23024 279 5956 2315 321 13657 279 9468 4139 13 220 20682 2624 18253 71592 264 10300 2624 9581 13 23024 279 5956 2315 321 13657 279 9468 4139 13 220 20682 2624 18253 71592 264 10300 2624 9581 13 23024 279 5956 2315 321 13657 279 9468 4139 13 220 20682 2624 18253 71592 264 10300 2624 9581 13 23024 279 5956 2315 321 13657 279 9468 4139 13 220 20682 2624 18253 71592 264 10300 2624 9581 13 23024 279 5956 2315 321 13657 279 9468 4139 13 220 20682 2624 18253 71592 264 10300 2624 9581 13 23024 279 5956 2315 321 13657 279 9468 4139 13 220 20682 2624 18253 71592 264 10300 2624 9581 13 23024 279 5956 2315 321 13657 279 9468 4139 13 220 20682 2624 18253 71592 264 10300 2624 9581 13 23024 279 5956 2315 321 13657 279 9468 4139 13 220 20682 2624 18253 71592 264 10300 2624 9581 13 23024 279 5956 2315 321 13657 279 9468 4139 13 220 20682 2624 18253 71592 264 10300 2624 9581 13 23024 279 5956 2315 321 13657 279 9468 4139 13 220 20682 2624 18253 71592 264 10300 2624 9581 13 23024 279 5956 2315 321 13657 279 9468 4139 13 220 20682 2624 18253 71592 264 10300 2624 9581 13 23024 279 5956 2315 321 13657 279 9468 4139 13 220 20682 2624 18253 71592 264 10300 2624 9581 13 23024 279 5956 2315 321 13657 279 9468 4139 13 220 20682 2624 18253 71592 264 10300 2624 9581 13 23024 279 5956 2315 321 13657 279 9468 4139 13 220 20682 2624 18253 71592 264 10300 2624 9581 13 23024 279 5956 2315 321 13657 279 9468 4139 13 220 20682 2624 18253 71592 264 10300 2624 9581 13 23024 279 5956 2315 321 13657 279 9468 4139 13 220 20682 2624 18253 71592 264 10300 2624 9581 13 23024 279 5956 2315 321 13657 279 9468 4139 13 220 20682 2624 18253 71592 264 10300 2624 9581 13 23024 279 5956 2315 321 13657 279 9468 4139 13 220 20682 2624 18253 71592 264 10300 2624 9581 13 23024 279 5956 2315 321 13657 279 9468 4139 13 220 20682 2624 18253 71592 264 10300 2624 9581 13 23024 279 5956 2315 321 13657 279 9468 4139 13 220 20682 2624 18253 71592 264 10300 2624 9581 13 23024 279 5956 2315 321 13657 279 9468 4139 13 220 20682 2624 18253 71592 264 10300 2624 9581 13 23024 279 5956 2315 321 13657 279 9468 4139 13 220 20682 2624 18253 71592 264 10300 2624 9581 13 23024 279 5956 2315 321 13657 279 9468 4139 13 220 20682 2624 18253 71592 264 10300 2624 9581 13 23024 279 5956 2315 321 13657 279 9468 4139 13 220 20682 2624 18253 71592 264 10300 2624 9581 13 23024 279 5956 2315 321 13657 279 9468 4139 13 220 20682 2624 18253 71592 264 10300 2624 9581 13 23024 279 5956 2315 321 13657 279 9468 4139 13 220 20682 2624 18253 71592 264 10300 2624 9581 13 23024 279 5956 2315 321 13657 279 9468 4139 13 220 20682 2624 18253 71592 264 10300 2624 9581 13 23024 279 5956 2315 321 13657 279 9468 4139 13 220 20682 2624 18253 71592 264 10300 2624 9581 13 23024 279 5956 2315 321 13657 279 9468 4139 13 220 20682 2624 18253 71592 264 10300 2624 9581 13 23024 279 5956 2315 321 13657 279 9468 4139 13 220 20682 2624 18253 71592 264 10300 2624 9581 13 23024 279 5956 2315 321 13657 279 9468 4139 13 220 20682 2624 18253 71592 264 10300 2624 9581 13 23024 279 5956 2315 321 13657 279 9468 4139 13 220 20682 2624 18253 71592 264 10300 2624 9581 13 23024 279 5956 2315 321 13657 279 9468 4139 13 220 20682 2624 18253 71592 264 10300 2624 9581 13 23024 279 5956 2315 321 13657 279 9468 4139 13 220 20682 2624 18253 71592 264 10300 2624 9581 13 23024 279 5956 2315 321 13657 279 9468 4139 13 220 20682 2624 18253 71592 264 10300 2624 9581 13 23024 279 5956 2315 321 13657 279 9468 4139 13 220 20682 2624 18253 71592 264 10300 2624 9581 13 23024 279 5956 2315 321 13657 279 9468 4139 13 220 20682 2624 18253 71592 264 10300 2624 9581 13 23024 279 5956 2315 321 13657 279 9468 4139 13 220 20682 2624 18253 71592 264 10300 2624 9581 13 23024 279 5956 2315 321 13657 279 9468 4139 13 220 20682 2624 18253 71592 264 10300 2624 9581 13 23024 279 5956 2315 321 13657 279 9468 4139 13 220 20682 2624 18253 71592 264 10300 2624 9581 13 23024 279 5956 2315 321 13657 279 9468 4139 13 220 20682 2624 18253 71592 264 10300 2624 9581 13 23024 279 5956 2315 321 13657 279 9468 4139 13 220 20682 2624 18253 71592 264 10300 2624 9581 13 23024 279 5956 2315 321 13657 279 9468 4139 13 220 20682 2624 18253 71592 264 10300 2624 9581 13 23024 279 5956 2315 321 13657 279 9468 4139 13 220 20682 2624 18253 71592 264 10300 2624 9581 13 23024 279 5956 2315 321 13657 279 9468 4139 13 220 20682 2624 18253 71592 264 10300 2624 9581 13 23024 279 5956 2315 321 13657 279 9468 4139 13 220 20682 2624 18253 71592 264 10300 2624 9581 13 23024 279 5956 2315 321 13657 279 9468 4139 13 220 20682 2624 18253 71592 264 10300 2624 9581 13 23024 279 5956 2315 321 13657 279 9468 4139 13 220 20682 2624 18253 71592 264 10300 2624 9581 13 23024 279 5956 2315 321 13657 279 9468 4139 13 220 20682 2624 18253 71592 264 10300 2624 9581 13 23024 279 5956 2315 321 13657 279 9468 4139 13 220 20682 2624 18253 71592 264 10300 2624 9581 13 23024 279 5956 2315 321 13657 279 9468 4139 13 220 20682 2624 18253 71592 264 10300 2624 9581 13 23024 279 5956 2315 321 13657 279 9468 4139 13 220 20682 2624 18253 71592 264 10300 2624 9581 13 23024 279 5956 2315 321 13657 279 9468 4139 13 220 20682 2624 18253 71592 264 10300 2624 9581 13 23024 279 5956 2315 321 13657 279 9468 4139 13 220 20682 2624 18253 71592 264 10300 2624 9581 13 23024 279 5956 2315 321 13657 279 9468 4139 13 220 20682 2624 18253 71592 264 10300 2624 9581 13 23024 279 5956 2315 321 13657 279 9468 4139 13 220 20682 2624 18253 71592 264 10300 2624 9581 13 23024 279 5956 2315 321 13657 279 9468 4139 13 220 20682 2624 18253 71592 264 10300 2624 9581 13 23024 279 5956 2315 321 13657 279 9468 4139 13 220 20682 2624 18253 71592 264 10300 2624 9581 13 23024 279 5956 2315 321 13657 279 9468 4139 13 220 20682 2624 18253 71592 264 10300 2624 9581 13 23024 279 5956 2315 321 13657 279 9468 4139 13 220 20682 2624 18253 71592 264 10300 2624 9581 13 23024 279 5956 2315 321 13657 279 9468 4139 13 220 20682 2624 18253 71592 264 10300 2624 9581 13 23024 279 5956 2315 321 13657 279 9468 4139 13 220 20682 2624 18253 71592 264 10300 2624 9581 13 23024 279 5956 2315 321 13657 279 9468 4139 13 220 20682 2624 18253 71592 264 10300 2624 9581 13 23024 279 5956 2315 321 13657 279 9468 4139 13 220 20682 2624 18253 71592 264 10300 2624 9581 13 23024 279 5956 2315 321 13657 279 9468 4139 13 220 20682 2624 18253 71592 264 10300 2624 9581 13 23024 279 5956 2315 321 13657 279 9468 4139 13 220 20682 2624 18253 71592 264 10300 2624 9581 13 23024 279 5956 2315 321 13657 279 9468 4139 13 220 20682 2624 18253 71592 264 10300 2624 9581 13 23024 279 5956 2315 321 13657 279 9468 4139 13 220 20682 2624 18253 71592 264 10300 2624 9581 13 23024 279 5956 2315 321 13657 279 9468 4139 13 220 20682 2624 18253 71592 264 10300 2624 9581 13 23024 279 5956 2315 321 13657 279 9468 4139 13 220 20682 2624 18253 71592 264 10300 2624 9581 13 23024 279 5956 2315 321 13657 279 9468 4139 13 220 20682 2624 18253 71592 264 10300 2624 9581 13 23024 279 5956 2315 321 13657 279 9468 4139 13 220 20682 2624 18253 71592 264 10300 2624 9581 13 23024 279 5956 2315 321 13657 279 9468 4139 13 220 20682 2624 18253 71592 264 10300 2624 9581 13 23024 279 5956 2315 321 13657 279 9468 4139 13 220 20682 2624 18253 71592 264 10300 2624 9581 13 23024 279 5956 2315 321 13657 279 9468 4139 13 220 20682 2624 18253 71592 264 10300 2624 9581 13 23024 279 5956 2315 321 13657 279 9468 4139 13 220 20682 2624 18253 71592 264 10300 2624 9581 13 23024 279 5956 2315 321 13657 279 9468 4139 13 220 20682 2624 18253 71592 264 10300 2624 9581 13 23024 279 5956 2315 321 13657 279 9468 4139 13 220 20682 2624 18253 71592 264 10300 2624 9581 13 23024 279 5956 2315 321 13657 279 9468 4139 13 220 20682 2624 18253 71592 264 10300 2624 9581 13 23024 279 5956 2315 321 13657 279 9468 4139 13 220 20682 2624 18253 71592 264 10300 2624 9581 13 23024 279 5956 2315 321 13657 279 9468 4139 13 220 20682 2624 18253 71592 264 10300 2624 9581 13 23024 279 5956 2315 321 13657 279 9468 4139 13 220 20682 2624 18253 71592 264 10300 2624 9581 13 23024 279 5956 2315 321 13657 279 9468 4139 13 220 20682 2624 18253 71592 264 10300 2624 9581 13 23024 279 5956 2315 321 13657 279 9468 4139 13 220 20682 2624 18253 71592 264 10300 2624 9581 13 23024 279 5956 2315 321 13657 279 9468 4139 13 220 20682 2624 18253 71592 264 10300 2624 9581 13 23024 279 5956 2315 321 13657 279 9468 4139 13 220 20682 2624 18253 71592 264 10300 2624 9581 13 23024 279 5956 2315 321 13657 279 9468 4139 13 220 20682 2624 18253 71592 264 10300 2624 9581 13 23024 279 5956 2315 321 13657 279 9468 4139 13 220 20682 2624 18253 71592 264 10300 2624 9581 13 23024 279 5956 2315 321 13657 279 9468 4139 13 220 20682 2624 18253 71592 264 10300 2624 9581 13 23024 279 5956 2315 321 13657 279 9468 4139 13 220 20682 2624 18253 71592 264 10300 2624 9581 13 23024 279 5956 2315 321 13657 279 9468 4139 13 220 20682 2624 18253 71592 264 10300 2624 9581 13 23024 279 5956 2315 321 13657 279 9468 4139 13 220 20682 2624 18253 71592 264 10300 2624 9581 13 23024 279 5956 2315 321 13657 279 9468 4139 13 220 20682 2624 18253 71592 264 10300 2624 9581 13 23024 279 5956 2315 321 13657 279 9468 4139 13 220 20682 2624 18253 71592 264 10300 2624 9581 13 23024 279 5956 2315 321 13657 279 9468 4139 13 220 20682 2624 18253 71592 264 10300 2624 9581 13 23024 279 5956 2315 321 13657 279 9468 4139 13 220 20682 2624 18253 71592 264 10300 2624 9581 13 23024 279 5956 2315 321 13657 279 9468 4139 13 220 20682 2624 18253 71592 264 10300 2624 9581 13 23024 279 5956 2315 321 13657 279 9468 4139 13 220 20682 2624 18253 71592 264 10300 2624 9581 13 23024 279 5956 2315 321 13657 279 9468 4139 13 220 20682 2624 18253 71592 264 10300 2624 9581 13 23024 279 5956 2315 321 13657 279 9468 4139 13 220 20682 2624 18253 71592 264 10300 2624 9581 13 23024 279 5956 2315 321 13657 279 9468 4139 13 220 20682 2624 18253 71592 264 10300 2624 9581 13 23024 279 5956 2315 321 13657 279 9468 4139 13 220 20682 2624 18253 71592 264 10300 2624 9581 13 23024 279 5956 2315 321 13657 279 9468 4139 13 220 20682 2624 18253 71592 264 10300 2624 9581 13 23024 279 5956 2315 321 13657 279 9468 4139 13 220 20682 2624 18253 71592 264 10300 2624 9581 13 23024 279 5956 2315 321 13657 279 9468 4139 13 220 20682 2624 18253 71592 264 10300 2624 9581 13 23024 279 5956 2315 321 13657 279 9468 4139 13 220 20682 2624 18253 71592 264 10300 2624 9581 13 23024 279 5956 2315 321 13657 279 9468 4139 13 220 20682 2624 18253 71592 264 10300 2624 9581 13 23024 279 5956 2315 321 13657 279 9468 4139 13 220 20682 2624 18253 71592 264 10300 2624 9581 13 23024 279 5956 2315 321 13657 279 9468 4139 13 220 20682 2624 18253 71592 264 10300 2624 9581 13 23024 279 5956 2315 321 13657 279 9468 4139 13 220 20682 2624 18253 71592 264 10300 2624 9581 13 23024 279 5956 2315 321 13657 279 9468 4139 13 220 20682 2624 18253 71592 264 10300 2624 9581 13 23024 279 5956 2315 321 13657 279 9468 4139 13 220 20682 2624 18253 71592 264 10300 2624 9581 13 23024 279 5956 2315 321 13657 279 9468 4139 13 220 20682 2624 18253 71592 264 10300 2624 9581 13 23024 279 5956 2315 321 13657 279 9468 4139 13 220 20682 2624 18253 71592 264 10300 2624 9581 13 23024 279 5956 2315 321 13657 279 9468 4139 13 220 20682 2624 18253 71592 264 10300 2624 9581 13 23024 279 5956 2315 321 13657 279 9468 4139 13 220 20682 2624 18253 71592 264 10300 2624 9581 13 23024 279 5956 2315 321 13657 279 9468 4139 13 220 20682 2624 18253 71592 264 10300 2624 9581 13 23024 279 5956 2315 321 13657 279 9468 4139 13 220 20682 2624 18253 71592 264 10300 2624 9581 13 23024 279 5956 2315 321 13657 279 9468 4139 13 220 20682 2624 18253 71592 264 10300 2624 9581 13 23024 279 5956 2315 321 13657 279 9468 4139 13 220 20682 2624 18253 71592 264 10300 2624 9581 13 23024 279 5956 2315 321 13657 279 9468 4139 13 220 20682 2624 18253 71592 264 10300 2624 9581 13 23024 279 5956 2315 321 13657 279 9468 4139 13 220 20682 2624 18253 71592 264 10300 2624 9581 13 23024 279 5956 2315 321 13657 279 9468 4139 13 220 20682 2624 18253 71592 264 10300 2624 9581 13 23024 279 5956 2315 321 13657 279 9468 4139 13 220 20682 2624 18253 71592 264 10300 2624 9581 13 23024 279 5956 2315 321 13657 279 9468 4139 13 220 20682 2624 18253 71592 264 10300 2624 9581 13 23024 279 5956 2315 321 13657 279 9468 4139 13 220 20682 2624 18253 71592 264 10300 2624 9581 13 23024 279 5956 2315 321 13657 279 9468 4139 13 220 20682 2624 18253 71592 264 10300 2624 9581 13 23024 279 5956 2315 321 13657 279 9468 4139 13 220 20682 2624 18253 71592 264 10300 2624 9581 13 23024 279 5956 2315 321 13657 279 9468 4139 13 220 20682 2624 18253 71592 264 10300 2624 9581 13 23024 279 5956 2315 321 13657 279 9468 4139 13 220 20682 2624 18253 71592 264 10300 2624 9581 13 23024 279 5956 2315 321 13657 279 9468 4139 13 220 20682 2624 18253 71592 264 10300 2624 9581 13 23024 279 5956 2315 321 13657 279 9468 4139 13 220 20682 2624 18253 71592 264 10300 2624 9581 13 23024 279 5956 2315 321 13657 279 9468 4139 13 220 20682 2624 18253 71592 264 10300 2624 9581 13 23024 279 5956 2315 321 13657 279 9468 4139 13 220 20682 2624 18253 71592 264 10300 2624 9581 13 23024 279 5956 2315 321 13657 279 9468 4139 13 220 20682 2624 18253 71592 264 10300 2624 9581 13 23024 279 5956 2315 321 13657 279 9468 4139 13 220 20682 2624 18253 71592 264 10300 2624 9581 13 23024 279 5956 2315 321 13657 279 9468 4139 13 220 20682 2624 18253 71592 264 10300 2624 9581 13 23024 279 5956 2315 321 13657 279 9468 4139 13 220 20682 2624 18253 71592 264 10300 2624 9581 13 23024 279 5956 2315 321 13657 279 9468 4139 13 220 20682 2624 18253 71592 264 10300 2624 9581 13 23024 279 5956 2315 321 13657 279 9468 4139 13 220 20682 2624 18253 71592 264 10300 2624 9581 13 23024 279 5956 2315 321 13657 279 9468 4139 13 220 20682 2624 18253 71592 264 10300 2624 9581 13 23024 279 5956 2315 321 13657 279 9468 4139 13 220 20682 2624 18253 71592 264 10300 2624 9581 13 23024 279 5956 2315 321 13657 279 9468 4139 13 220 20682 2624 18253 71592 264 10300 2624 9581 13 23024 279 5956 2315 321 13657 279 9468 4139 13 220 20682 2624 18253 71592 264 10300 2624 9581 13 23024 279 5956 2315 321 13657 279 9468 4139 13 220 20682 2624 18253 71592 264 10300 2624 9581 13 23024 279 5956 2315 321 13657 279 9468 4139 13 220 20682 2624 18253 71592 264 10300 2624 9581 13 23024 279 5956 2315 321 13657 279 9468 4139 13 220 20682 2624 18253 71592 264 10300 2624 9581 13 23024 279 5956 2315 321 13657 279 9468 4139 13 220 20682 2624 18253 71592 264 10300 2624 9581 13 23024 279 5956 2315 321 13657 279 9468 4139 13 220 20682 2624 18253 71592 264 10300 2624 9581 13 23024 279 5956 2315 321 13657 279 9468 4139 13 220 20682 2624 18253 71592 264 10300 2624 9581 13 23024 279 5956 2315 321 13657 279 9468 4139 13 220 20682 2624 18253 71592 264 10300 2624 9581 13 23024 279 5956 2315 321 13657 279 9468 4139 13 220 20682 2624 18253 71592 264 10300 2624 9581 13 23024 279 5956 2315 321 13657 279 9468 4139 13 220 20682 2624 18253 71592 264 10300 2624 9581 13 23024 279 5956 2315 321 13657 279 9468 4139 13 220 20682 2624 18253 71592 264 10300 2624 9581 13 23024 279 5956 2315 321 13657 279 9468 4139 13 220 20682 2624 18253 71592 264 10300 2624 9581 13 23024 279 5956 2315 321 13657 279 9468 4139 13 220 20682 2624 18253 71592 264 10300 2624 9581 13 23024 279 5956 2315 321 13657 279 9468 4139 13 220 20682 2624 18253 71592 264 10300 2624 9581 13 23024 279 5956 2315 321 13657 279 9468 4139 13 220 20682 2624 18253 71592 264 10300 2624 9581 13 23024 279 5956 2315 321 13657 279 9468 4139 13 220 20682 2624 18253 71592 264 10300 2624 9581 13 23024 279 5956 2315 321 13657 279 9468 4139 13 220 20682 2624 18253 71592 264 10300 2624 9581 13 23024 279 5956 2315 321 13657 279 9468 4139 13 220 20682 2624 18253 71592 264 10300 2624 9581 13 23024 279 5956 2315 321 13657 279 9468 4139 13 220 20682 2624 18253 71592 264 10300 2624 9581 13 23024 279 5956 2315 321 13657 279 9468 4139 13 220 20682 2624 18253 71592 264 10300 2624 9581 13 23024 279 5956 2315 321 13657 279 9468 4139 13 220 20682 2624 18253 71592 264 10300 2624 9581 13 23024 279 5956 2315 321 13657 279 9468 4139 13 220 20682 2624 18253 71592 264 10300 2624 9581 13 23024 279 5956 2315 321 13657 279 9468 4139 13 220 20682 2624 18253 71592 264 10300 2624 9581 13 23024 279 5956 2315 321 13657 279 9468 4139 13 220 20682 2624 18253 71592 264 10300 2624 9581 13 23024 279 5956 2315 321 13657 279 9468 4139 13 220 20682 2624 18253 71592 264 10300 2624 9581 13 23024 279 5956 2315 321 13657 279 9468 4139 13 220 20682 2624 18253 71592 264 10300 2624 9581 13 23024 279 5956 2315 321 13657 279 9468 4139 13 220 20682 2624 18253 71592 264 10300 2624 9581 13 23024 279 5956 2315 321 13657 279 9468 4139 13 220 20682 2624 18253 71592 264 10300 2624 9581 13 23024 279 5956 2315 321 13657 279 9468 4139 13 220 20682 2624 18253 71592 264 10300 2624 9581 13 23024 279 5956 2315 321 13657 279 9468 4139 13 220 20682 2624 18253 71592 264 10300 2624 9581 13 23024 279 5956 2315 321 13657 279 9468 4139 13 220 20682 2624 18253 71592 264 10300 2624 9581 13 23024 279 5956 2315 321 13657 279 9468 4139 13 220 20682 2624 18253 71592 264 10300 2624 9581 13 23024 279 5956 2315 321 13657 279 9468 4139 13 220 20682 2624 18253 71592 264 10300 2624 9581 13 23024 279 5956 2315 321 13657 279 9468 4139 13 220 20682 2624 18253 71592 264 10300 2624 9581 13 23024 279 5956 2315 321 13657 279 9468 4139 13 220 20682 2624 18253 71592 264 10300 2624 9581 13 23024 279 5956 2315 321 13657 279 9468 4139 13 220 20682 2624 18253 71592 264 10300 2624 9581 13 23024 279 5956 2315 321 13657 279 9468 4139 13 220 20682 2624 18253 71592 264 10300 2624 9581 13 23024 279 5956 2315 321 13657 279 9468 4139 13 220 20682 2624 18253 71592 264 10300 2624 9581 13 23024 279 5956 2315 321 13657 279 9468 4139 13 220 20682 2624 18253 71592 264 10300 2624 9581 13 23024 279 5956 2315 321 13657 279 9468 4139 13 220 20682 2624 18253 71592 264 10300 2624 9581 13 23024 279 5956 2315 321 13657 279 9468 4139 13 220 20682 2624 18253 71592 264 10300 2624 9581 13 23024 279 5956 2315 321 13657 279 9468 4139 13 220 20682 2624 18253 71592 264 10300 2624 9581 13 23024 279 5956 2315 321 13657 279 9468 4139 13 220 20682 2624 18253 71592 264 10300 2624 9581 13 23024 279 5956 2315 321 13657 279 9468 4139 13 220 20682 2624 18253 71592 264 10300 2624 9581 13 23024 279 5956 2315 321 13657 279 9468 4139 13 220 20682 2624 18253 71592 264 10300 2624 9581 13 23024 279 5956 2315 321 13657 279 9468 4139 13 220 20682 2624 18253 71592 264 10300 2624 9581 13 23024 279 5956 2315 321 13657 279 9468 4139 13 220 20682 2624 18253 71592 264 10300 2624 9581 13 23024 279 5956 2315 321 13657 279 9468 4139 13 220 20682 2624 18253 71592 264 10300 2624 9581 13 23024 279 5956 2315 321 13657 279 9468 4139 13 220 20682 2624 18253 71592 264 10300 2624 9581 13 23024 279 5956 2315 321 13657 279 9468 4139 13 220 20682 2624 18253 71592 264 10300 2624 9581 13 23024 279 5956 2315 321 13657 279 9468 4139 13 220 20682 2624 18253 71592 264 10300 2624 9581 13 23024 279 5956 2315 321 13657 279 9468 4139 13 220 20682 2624 18253 71592 264 10300 2624 9581 13 23024 279 5956 2315 321 13657 279 9468 4139 13 220 20682 2624 18253 71592 264 10300 2624 9581 13 23024 279 5956 2315 321 13657 279 9468 4139 13 220 20682 2624 18253 71592 264 10300 2624 9581 13 23024 279 5956 2315 321 13657 279 9468 4139 13 220 20682 2624 18253 71592 264 10300 2624 9581 13 23024 279 5956 2315 321 13657 279 9468 4139 13 220 20682 2624 18253 71592 264 10300 2624 9581 13 23024 279 5956 2315 321 13657 279 9468 4139 13 220 20682 2624 18253 71592 264 10300 2624 9581 13 23024 279 5956 2315 321 13657 279 9468 4139 13 220 20682 2624 18253 71592 264 10300 2624 9581 13 23024 279 5956 2315 321 13657 279 9468 4139 13 220 20682 2624 18253 71592 264 10300 2624 9581 13 23024 279 5956 2315 321 13657 279 9468 4139 13 220 20682 2624 18253 71592 264 10300 2624 9581 13 23024 279 5956 2315 321 13657 279 9468 4139 13 220 20682 2624 18253 71592 264 10300 2624 9581 13 23024 279 5956 2315 321 13657 279 9468 4139 13 220 20682 2624 18253 71592 264 10300 2624 9581 13 23024 279 5956 2315 321 13657 279 9468 4139 13 220 20682 2624 18253 71592 264 10300 2624 9581 13 23024 279 5956 2315 321 13657 279 9468 4139 13 220 20682 2624 18253 71592 264 10300 2624 9581 13 23024 279 5956 2315 321 13657 279 9468 4139 13 220 20682 2624 18253 71592 264 10300 2624 9581 13 23024 279 5956 2315 321 13657 279 9468 4139 13 220 20682 2624 18253 71592 264 10300 2624 9581 13 23024 279 5956 2315 321 13657 279 9468 4139 13 220 20682 2624 18253 71592 264 10300 2624 9581 13 23024 279 5956 2315 321 13657 279 9468 4139 13 220 20682 2624 18253 71592 264 10300 2624 9581 13 23024 279 5956 2315 321 13657 279 9468 4139 13 220 20682 2624 18253 71592 264 10300 2624 9581 13 23024 279 5956 2315 321 13657 279 9468 4139 13 220 20682 2624 18253 71592 264 10300 2624 9581 13 23024 279 5956 2315 321 13657 279 9468 4139 13 220 20682 2624 18253 71592 264 10300 2624 9581 13 23024 279 5956 2315 321 13657 279 9468 4139 13 220 20682 2624 18253 71592 264 10300 2624 9581 13 23024 279 5956 2315 321 13657 279 9468 4139 13 220 20682 2624 18253 71592 264 10300 2624 9581 13 23024 279 5956 2315 321 13657 279 9468 4139 13 220 20682 2624 18253 71592 264 10300 2624 9581 13 23024 279 5956 2315 321 13657 279 9468 4139 13 220 20682 2624 18253 71592 264 10300 2624 9581 13 23024 279 5956 2315 321 13657 279 9468 4139 13 220 20682 2624 18253 71592 264 10300 2624 9581 13 23024 279 5956 2315 321 13657 279 9468 4139 13 220 20682 2624 18253 71592 264 10300 2624 9581 13 23024 279 5956 2315 321 13657 279 9468 4139 13 220 20682 2624 18253 71592 264 10300 2624 9581 13 23024 279 5956 2315 321 13657 279 9468 4139 13 220 20682 2624 18253 71592 264 10300 2624 9581 13 23024 279 5956 2315 321 13657 279 9468 4139 13 220 20682 2624 18253 71592 264 10300 2624 9581 13 23024 279 5956 2315 321 13657 279 9468 4139 13 220 20682 2624 18253 71592 264 10300 2624 9581 13 23024 279 5956 2315 321 13657 279 9468 4139 13 220 20682 2624 18253 71592 264 10300 2624 9581 13 23024 279 5956 2315 321 13657 279 9468 4139 13 220 20682 2624 18253 71592 264 10300 2624 9581 13 23024 279 5956 2315 321 13657 279 9468 4139 13 220 20682 2624 18253 71592 264 10300 2624 9581 13 23024 279 5956 2315 321 13657 279 9468 4139 13 220 20682 2624 18253 71592 264 10300 2624 9581 13 23024 279 5956 2315 321 13657 279 9468 4139 13 220 20682 2624 18253 71592 264 10300 2624 9581 13 23024 279 5956 2315 321 13657 279 9468 4139 13 220 20682 2624 18253 71592 264 10300 2624 9581 13 23024 279 5956 2315 321 13657 279 9468 4139 13 220 20682 2624 18253 71592 264 10300 2624 9581 13 23024 279 5956 2315 321 13657 279 9468 4139 13 220 20682 2624 18253 71592 264 10300 2624 9581 13 23024 279 5956 2315 321 13657 279 9468 4139 13 220 20682 2624 18253 71592 264 10300 2624 9581 13 23024 279 5956 2315 321 13657 279 9468 4139 13 220 20682 2624 18253 71592 264 10300 2624 9581 13 23024 279 5956 2315 321 13657 279 9468 4139 13 220 20682 2624 18253 71592 264 10300 2624 9581 13 23024 279 5956 2315 321 13657 279 9468 4139 13 220 20682 2624 18253 71592 264 10300 2624 9581 13 23024 279 5956 2315 321 13657 279 9468 4139 13 220 20682 2624 18253 71592 264 10300 2624 9581 13 23024 279 5956 2315 321 13657 279 9468 4139 13 220 20682 2624 18253 71592 264 10300 2624 9581 13 23024 279 5956 2315 321 13657 279 9468 4139 13 220 20682 2624 18253 71592 264 10300 2624 9581 13 23024 279 5956 2315 321 13657 279 9468 4139 13 220 20682 2624 18253 71592 264 10300 2624 9581 13 23024 279 5956 2315 321 13657 279 9468 4139 13 220 20682 2624 18253 71592 264 10300 2624 9581 13 23024 279 5956 2315 321 13657 279 9468 4139 13 220 20682 2624 18253 71592 264 10300 2624 9581 13 23024 279 5956 2315 321 13657 279 9468 4139 13 220 20682 2624 18253 71592 264 10300 2624 9581 13 23024 279 5956 2315 321 13657 279 9468 4139 13 220 20682 2624 18253 71592 264 10300 2624 9581 13 23024 279 5956 2315 321 13657 279 9468 4139 13 220 20682 2624 18253 71592 264 10300 2624 9581 13 23024 279 5956 2315 321 13657 279 9468 4139 13 220 20682 2624 18253 71592 264 10300 2624 9581 13 23024 279 5956 2315 321 13657 279 9468 4139 13 220 20682 2624 18253 71592 264 10300 2624 9581 13 23024 279 5956 2315 321 13657 279 9468 4139 13 220 20682 2624 18253 71592 264 10300 2624 9581 13 23024 279 5956 2315 321 13657 279 9468 4139 13 220 20682 2624 18253 71592 264 10300 2624 9581 13 23024 279 5956 2315 321 13657 279 9468 4139 13 220 20682 2624 18253 71592 264 10300 2624 9581 13 23024 279 5956 2315 321 13657 279 9468 4139 13 220 20682 2624 18253 71592 264 10300 2624 9581 13 23024 279 5956 2315 321 13657 279 9468 4139 13 220 20682 2624 18253 71592 264 10300 2624 9581 13 23024 279 5956 2315 321 13657 279 9468 4139 13 220 20682 2624 18253 71592 264 10300 2624 9581 13 23024 279 5956 2315 321 13657 279 9468 4139 13 220 20682 2624 18253 71592 264 10300 2624 9581 13 23024 279 5956 2315 321 13657 279 9468 4139 13 220 20682 2624 18253 71592 264 10300 2624 9581 13 23024 279 5956 2315 321 13657 279 9468 4139 13 220 20682 2624 18253 71592 264 10300 2624 9581 13 23024 279 5956 2315 321 13657 279 9468 4139 13 220 20682 2624 18253 71592 264 10300 2624 9581 13 23024 279 5956 2315 321 13657 279 9468 4139 13 220 20682 2624 18253 71592 264 10300 2624 9581 13 23024 279 5956 2315 321 13657 279 9468 4139 13 220 20682 2624 18253 71592 264 10300 2624 9581 13 23024 279 5956 2315 321 13657 279 9468 4139 13 220 20682 2624 18253 71592 264 10300 2624 9581 13 23024 279 5956 2315 321 13657 279 9468 4139 13 220 20682 2624 18253 71592 264 10300 2624 9581 13 23024 279 5956 2315 321 13657 279 9468 4139 13 220 20682 2624 18253 71592 264 10300 2624 9581 13 23024 279 5956 2315 321 13657 279 9468 4139 13 220 20682 2624 18253 71592 264 10300 2624 9581 13 23024 279 5956 2315 321 13657 279 9468 4139 13 220 20682 2624 18253 71592 264 10300 2624 9581 13 23024 279 5956 2315 321 13657 279 9468 4139 13 220 20682 2624 18253 71592 264 10300 2624 9581 13 23024 279 5956 2315 321 13657 279 9468 4139 13 220 20682 2624 18253 71592 264 10300 2624 9581 13 23024 279 5956 2315 321 13657 279 9468 4139 13 220 20682 2624 18253 71592 264 10300 2624 9581 13 23024 279 5956 2315 321 13657 279 9468 4139 13 220 20682 2624 18253 71592 264 10300 2624 9581 13 23024 279 5956 2315 321 13657 279 9468 4139 13 220 20682 2624 18253 71592 264 10300 2624 9581 13 23024 279 5956 2315 321 13657 279 9468 4139 13 220 20682 2624 18253 71592 264 10300 2624 9581 13 23024 279 5956 2315 321 13657 279 9468 4139 13 220 20682 2624 18253 71592 264 10300 2624 9581 13 23024 279 5956 2315 321 13657 279 9468 4139 13 220 20682 2624 18253 71592 264 10300 2624 9581 13 23024 279 5956 2315 321 13657 279 9468 4139 13 220 20682 2624 18253 71592 264 10300 2624 9581 13 23024 279 5956 2315 321 13657 279 9468 4139 13 220 20682 2624 18253 71592 264 10300 2624 9581 13 23024 279 5956 2315 321 13657 279 9468 4139 13 220 20682 2624 18253 71592 264 10300 2624 9581 13 23024 279 5956 2315 321 13657 279 9468 4139 13 220 20682 2624 18253 71592 264 10300 2624 9581 13 23024 279 5956 2315 321 13657 279 9468 4139 13 220 20682 2624 18253 71592 264 10300 2624 9581 13 23024 279 5956 2315 321 13657 279 9468 4139 13 220 20682 2624 18253 71592 264 10300 2624 9581 13 23024 279 5956 2315 321 13657 279 9468 4139 13 220 20682 2624 18253 71592 264 10300 2624 9581 13 23024 279 5956 2315 321 13657 279 9468 4139 13 220 20682 2624 18253 71592 264 10300 2624 9581 13 23024 279 5956 2315 321 13657 279 9468 4139 13 220 20682 2624 18253 71592 264 10300 2624 9581 13 23024 279 5956 2315 321 13657 279 9468 4139 13 220 20682 2624 18253 71592 264 10300 2624 9581 13 23024 279 5956 2315 321 13657 279 9468 4139 13 220 20682 2624 18253 71592 264 10300 2624 9581 13 23024 279 5956 2315 321 13657 279 9468 4139 13 220 20682 2624 18253 71592 264 10300 2624 9581 13 23024 279 5956 2315 321 13657 279 9468 4139 13 220 20682 2624 18253 71592 264 10300 2624 9581 13 23024 279 5956 2315 321 13657 279 9468 4139 13 220 20682 2624 18253 71592 264 10300 2624 9581 13 23024 279 5956 2315 321 13657 279 9468 4139 13 220 20682 2624 18253 71592 264 10300 2624 9581 13 23024 279 5956 2315 321 13657 279 9468 4139 13 220 20682 2624 18253 71592 264 10300 2624 9581 13 23024 279 5956 2315 321 13657 279 9468 4139 13 220 20682 2624 18253 71592 264 10300 2624 9581 13 23024 279 5956 2315 321 13657 279 9468 4139 13 220 20682 2624 18253 71592 264 10300 2624 9581 13 23024 279 5956 2315 321 13657 279 9468 4139 13 220 20682 2624 18253 71592 264 10300 2624 9581 13 23024 279 5956 2315 321 13657 279 9468 4139 13 220 20682 2624 18253 71592 264 10300 2624 9581 13 23024 279 5956 2315 321 13657 279 9468 4139 13 220 20682 2624 18253 71592 264 10300 2624 9581 13 23024 279 5956 2315 321 13657 279 9468 4139 13 220 20682 2624 18253 71592 264 10300 2624 9581 13 23024 279 5956 2315 321 13657 279 9468 4139 13 220 20682 2624 18253 71592 264 10300 2624 9581 13 23024 279 5956 2315 321 13657 279 9468 4139 13 220 20682 2624 18253 71592 264 10300 2624 9581 13 23024 279 5956 2315 321 13657 279 9468 4139 13 220 20682 2624 18253 71592 264 10300 2624 9581 13 23024 279 5956 2315 321 13657 279 9468 4139 13 220 20682 2624 18253 71592 264 10300 2624 9581 13 23024 279 5956 2315 321 13657 279 9468 4139 13 220 20682 2624 18253 71592 264 10300 2624 9581 13 23024 279 5956 2315 321 13657 279 9468 4139 13 220 20682 2624 18253 71592 264 10300 2624 9581 13 23024 279 5956 2315 321 13657 279 9468 4139 13 220 20682 2624 18253 71592 264 10300 2624 9581 13 23024 279 5956 2315 321 13657 279 9468 4139 13 220 20682 2624 18253 71592 264 10300 2624 9581 13 23024 279 5956 2315 321 13657 279 9468 4139 13 220 20682 2624 18253 71592 264 10300 2624 9581 13 23024 279 5956 2315 321 13657 279 9468 4139 13 220 20682 2624 18253 71592 264 10300 2624 9581 13 23024 279 5956 2315 321 13657 279 9468 4139 13 220 20682 2624 18253 71592 264 10300 2624 9581 13 23024 279 5956 2315 321 13657 279 9468 4139 13 220 20682 2624 18253 71592 264 10300 2624 9581 13 23024 279 5956 2315 321 13657 279 9468 4139 13 220 20682 2624 18253 71592 264 10300 2624 9581 13 23024 279 5956 2315 321 13657 279 9468 4139 13 220 20682 2624 18253 71592 264 10300 2624 9581 13 23024 279 5956 2315 321 13657 279 9468 4139 13 220 20682 2624 18253 71592 264 10300 2624 9581 13 23024 279 5956 2315 321 13657 279 9468 4139 13 220 20682 2624 18253 71592 264 10300 2624 9581 13 23024 279 5956 2315 321 13657 279 9468 4139 13 220 20682 2624 18253 71592 264 10300 2624 9581 13 23024 279 5956 2315 321 13657 279 9468 4139 13 220 20682 2624 18253 71592 264 10300 2624 9581 13 23024 279 5956 2315 321 13657 279 9468 4139 13 220 20682 2624 18253 71592 264 10300 2624 9581 13 23024 279 5956 2315 321 13657 279 9468 4139 13 220 20682 2624 18253 71592 264 10300 2624 9581 13 23024 279 5956 2315 321 13657 279 9468 4139 13 220 20682 2624 18253 71592 264 10300 2624 9581 13 23024 279 5956 2315 321 13657 279 9468 4139 13 220 20682 2624 18253 71592 264 10300 2624 9581 13 23024 279 5956 2315 321 13657 279 9468 4139 13 220 20682 2624 18253 71592 264 10300 2624 9581 13 23024 279 5956 2315 321 13657 279 9468 4139 13 220 20682 2624 18253 71592 264 10300 2624 9581 13 23024 279 5956 2315 321 13657 279 9468 4139 13 220 20682 2624 18253 71592 264 10300 2624 9581 13 23024 279 5956 2315 321 13657 279 9468 4139 13 220 20682 2624 18253 71592 264 10300 2624 9581 13 23024 279 5956 2315 321 13657 279 9468 4139 13 220 20682 2624 18253 71592 264 10300 2624 9581 13 23024 279 5956 2315 321 13657 279 9468 4139 13 220 20682 2624 18253 71592 264 10300 2624 9581 13 23024 279 5956 2315 321 13657 279 9468 4139 13 220 20682 2624 18253 71592 264 10300 2624 9581 13 23024 279 5956 2315 321 13657 279 9468 4139 13 220 20682 2624 18253 71592 264 10300 2624 9581 13 23024 279 5956 2315 321 13657 279 9468 4139 13 220 20682 2624 18253 71592 264 10300 2624 9581 13 23024 279 5956 2315 321 13657 279 9468 4139 13 220 20682 2624 18253 71592 264 10300 2624 9581 13 23024 279 5956 2315 321 13657 279 9468 4139 13 220 20682 2624 18253 71592 264 10300 2624 9581 13 23024 279 5956 2315 321 13657 279 9468 4139 13 220 20682 2624 18253 71592 264 10300 2624 9581 13 23024 279 5956 2315 321 13657 279 9468 4139 13 220 20682 2624 18253 71592 264 10300 2624 9581 13 23024 279 5956 2315 321 13657 279 9468 4139 13 220 20682 2624 18253 71592 264 10300 2624 9581 13 23024 279 5956 2315 321 13657 279 9468 4139 13 220 20682 2624 18253 71592 264 10300 2624 9581 13 23024 279 5956 2315 321 13657 279 9468 4139 13 220 20682 2624 18253 71592 264 10300 2624 9581 13 23024 279 5956 2315 321 13657 279 9468 4139 13 220 20682 2624 18253 71592 264 10300 2624 9581 13 23024 279 5956 2315 321 13657 279 9468 4139 13 220 20682 2624 18253 71592 264 10300 2624 9581 13 23024 279 5956 2315 321 13657 279 9468 4139 13 220 20682 2624 18253 71592 264 10300 2624 9581 13 23024 279 5956 2315 321 13657 279 9468 4139 13 220 20682 2624 18253 71592 264 10300 2624 9581 13 23024 279 5956 2315 321 13657 279 9468 4139 13 220 20682 2624 18253 71592 264 10300 2624 9581 13 23024 279 5956 2315 321 13657 279 9468 4139 13 220 20682 2624 18253 71592 264 10300 2624 9581 13 23024 279 5956 2315 321 13657 279 9468 4139 13 220 20682 2624 18253 71592 264 10300 2624 9581 13 23024 279 5956 2315 321 13657 279 9468 4139 13 220 20682 2624 18253 71592 264 10300 2624 9581 13 23024 279 5956 2315 321 13657 279 9468 4139 13 220 20682 2624 18253 71592 264 10300 2624 9581 13 23024 279 5956 2315 321 13657 279 9468 4139 13 220 20682 2624 18253 71592 264 10300 2624 9581 13 23024 279 5956 2315 321 13657 279 9468 4139 13 220 20682 2624 18253 71592 264 10300 2624 9581 13 23024 279 5956 2315 321 13657 279 9468 4139 13 220 20682 2624 18253 71592 264 10300 2624 9581 13 23024 279 5956 2315 321 13657 279 9468 4139 13 220 20682 2624 18253 71592 264 10300 2624 9581 13 23024 279 5956 2315 321 13657 279 9468 4139 13 220 20682 2624 18253 71592 264 10300 2624 9581 13 23024 279 5956 2315 321 13657 279 9468 4139 13 220 20682 2624 18253 71592 264 10300 2624 9581 13 23024 279 5956 2315 321 13657 279 9468 4139 13 220 20682 2624 18253 71592 264 10300 2624 9581 13 23024 279 5956 2315 321 13657 279 9468 4139 13 220 20682 2624 18253 71592 264 10300 2624 9581 13 23024 279 5956 2315 321 13657 279 9468 4139 13 220 20682 2624 18253 71592 264 10300 2624 9581 13 23024 279 5956 2315 321 13657 279 9468 4139 13 220 20682 2624 18253 71592 264 10300 2624 9581 13 23024 279 5956 2315 321 13657 279 9468 4139 13 220 20682 2624 18253 71592 264 10300 2624 9581 13 23024 279 5956 2315 321 13657 279 9468 4139 13 220 20682 2624 18253 71592 264 10300 2624 9581 13 23024 279 5956 2315 321 13657 279 9468 4139 13 220 20682 2624 18253 71592 264 10300 2624 9581 13 23024 279 5956 2315 321 13657 279 9468 4139 13 220 20682 2624 18253 71592 264 10300 2624 9581 13 23024 279 5956 2315 321 13657 279 9468 4139 13 220 20682 2624 18253 71592 264 10300 2624 9581 13 23024 279 5956 2315 321 13657 279 9468 4139 13 220 20682 2624 18253 71592 264 10300 2624 9581 13 23024 279 5956 2315 321 13657 279 9468 4139 13 220 20682 2624 18253 71592 264 10300 2624 9581 13 23024 279 5956 2315 321 13657 279 9468 4139 13 220 20682 2624 18253 71592 264 10300 2624 9581 13 23024 279 5956 2315 321 13657 279 9468 4139 13 220 20682 2624 18253 71592 264 10300 2624 9581 13 23024 279 5956 2315 321 13657 279 9468 4139 13 220 20682 2624 18253 71592 264 10300 2624 9581 13 23024 279 5956 2315 321 13657 279 9468 4139 13 220 20682 2624 18253 71592 264 10300 2624 9581 13 23024 279 5956 2315 321 13657 279 9468 4139 13 220 20682 2624 18253 71592 264 10300 2624 9581 13 23024 279 5956 2315 321 13657 279 9468 4139 13 220 20682 2624 18253 71592 264 10300 2624 9581 13 23024 279 5956 2315 321 13657 279 9468 4139 13 220 20682 2624 18253 71592 264 10300 2624 9581 13 23024 279 5956 2315 321 13657 279 9468 4139 13 220 20682 2624 18253 71592 264 10300 2624 9581 13 23024 279 5956 2315 321 13657 279 9468 4139 13 220 20682 2624 18253 71592 264 10300 2624 9581 13 23024 279 5956 2315 321 13657 279 9468 4139 198 8917 5437 537 411 1414 303 7472 13 248046 198 248045 74455 198 248068 271 248069 271
output  : 27775 383 279 1414 3766 11 1532 369 264 11346 11782 25 271 332 5218 33214 332 198 760 1414 22518 16067 279 15346 16456 314 279 2972 20682 7304 11767 159034 271 332 1536 86223 38540 332 198 16 13 220 2972 4551 8783 92217 561 11767 25224 383 264 2972 27379 332 2624 9581 318 269 1287 553 198 17 13 220 2972 7188 92217 1049 18253 2972 11527 2266 332 279 2624 9581 13 198 18 13 220 2972 32376 92217 733 1754 18971 11 279 11767 41054 279 2100 869 440 279 2972 19055 2315 332 314 279 1428 9581 13 198 19 13 220 2972 72298 92217 19592 383 279 11960 11 424 2972 2054 1674 279 9468 4139 332 314 279 9581
decode                   128 tokens in 2435.5 ms  ->  52.55 tok/s
prefill                  8198 tokens in 2598.5 ms  ->  3154.85 tok/s  (time to first token 10813.5 ms)
  per token              19.028 ms/token (WALL CLOCK: embed, layers, head, sample)
  ple io: 133584 rows, 0.2% row-cache hits, 2838 SSD reads (12.0 MB), read p50 1056 us p99 109334 us, blocked 243.915 ms total (submit 1.393 ms), cache 2824/1048576 rows, SSD kept awake by 24 reads (slowest 28.0 ms)
  the CPU expert pool    1.839 ms/token over 48 layers (51 positions, 2448 dispatches)
  pool phases              wait-park 0.000  drain 0.000  re-park 0.000  ms/token
  expert blobs           48481 blobs read
  R4 overlap             0 of 0 layers the hit work was DONE when the pool returned
  R4 expert-cache hits   45533 of 45533 = 1.0000      (0 admitted, 0 refused, cache 100.0000% full)
  elastic K/V            16384 cells in VRAM, 0 grows, 0 trims, 0 experts given up, 0 refilled
